Initialization Complete...

	Affine SubSpace: 


	Non Iterative Precondition: 



	Selected-Points:

		+ := 

		- := 
[-1497232, -549105 ] , 
[-1494059, -1443090 ] , 
[-1488959, -1455711 ] , 
[-1487864, -81034 ] , 
[-1483777, -1044687 ] , 
[-1468343, -1390803 ] , 
[-1463534, 429659 ] , 
[-1455921, 1198461 ] , 
[-1454479, -7 ] , 
[-1429543, 659742 ] , 
[-1420545, 35425 ] , 
[-1414950, -993492 ] , 
[-1387564, 199016 ] , 
[-1380087, -845286 ] , 
[-1366896, -1420266 ] , 
[-1360843, -1295789 ] , 
[-1357032, -561466 ] , 
[-1356371, -793196 ] , 
[-1353638, 1140901 ] , 
[-1350883, -1109234 ] , 
[-1350653, -585543 ] , 
[-1341469, -818758 ] , 
[-1339475, -1233658 ] , 
[-1338597, 444844 ] , 
[-1333336, -982597 ] , 
[-1331860, -1358649 ] , 
[-1331381, 732735 ] , 
[-1328978, 935742 ] , 
[-1320813, 1232247 ] , 
[-1318023, 1192400 ] , 
[-1308385, -418854 ] , 
[-1307482, 1310608 ] , 
[-1305646, 315887 ] , 
[-1303649, 1462817 ] , 
[-1299217, 196961 ] , 
[-1291839, 88607 ] , 
[-1291621, -1110389 ] , 
[-1282797, 1489496 ] , 
[-1279438, 779283 ] , 
[-1278843, -664717 ] , 
[-1269824, -1201761 ] , 
[-1264684, 617124 ] , 
[-1239881, -1327273 ] , 
[-1228834, -1041310 ] , 
[-1223559, 576023 ] , 
[-1220484, -742870 ] , 
[-1215222, -191148 ] , 
[-1208222, 1321200 ] , 
[-1197009, -1157183 ] , 
[-1193000, 268718 ] , 
[-1179469, -676908 ] , 
[-1178244, 1428630 ] , 
[-1171176, 521422 ] , 
[-1169867, -1166650 ] , 
[-1157892, 819924 ] , 
[-1157515, -480546 ] , 
[-1156471, 992712 ] , 
[-1150514, -593526 ] , 
[-1138869, 1177215 ] , 
[-1129735, -494218 ] , 
[-1128212, -626885 ] , 
[-1127640, -157341 ] , 
[-1119363, -1412589 ] , 
[-1115766, -665104 ] , 
[-1113617, -891922 ] , 
[-1107418, 1352254 ] , 
[-1103809, 955576 ] , 
[-1094049, 266501 ] , 
[-1087594, -701449 ] , 
[-1077333, 1382815 ] , 
[-1076704, -763252 ] , 
[-1076553, 1046426 ] , 
[-1072475, -866057 ] , 
[-1069173, 477150 ] , 
[-1063062, -341036 ] , 
[-1060112, 442155 ] , 
[-1057697, -540528 ] , 
[-1055991, -88770 ] , 
[-1009417, 1123547 ] , 
[-996434, -1408326 ] , 
[-982724, -758686 ] , 
[-982261, 542212 ] , 
[-964060, -420168 ] , 
[-963558, -84229 ] , 
[-953181, -760554 ] , 
[-943620, 1478397 ] , 
[-943551, -606333 ] , 
[-927557, -708885 ] , 
[-912491, -482382 ] , 
[-904776, -546082 ] , 
[-904562, 462102 ] , 
[-883802, -1433251 ] , 
[-875417, 944976 ] , 
[-872451, -1312392 ] , 
[-870354, -662253 ] , 
[-863301, -1035188 ] , 
[-858610, -1198828 ] , 
[-847303, 381008 ] , 
[-840948, -560882 ] , 
[-837606, -1082080 ] , 
[-829196, 395476 ] , 
[-812979, 398194 ] , 
[-810730, -471572 ] , 
[-807788, -443914 ] , 
[-795122, 1324589 ] , 
[-789626, -228763 ] , 
[-788470, 62712 ] , 
[-786376, 710423 ] , 
[-771058, 1271206 ] , 
[-771027, -591189 ] , 
[-762274, -1278004 ] , 
[-757794, 1133217 ] , 
[-756262, 881735 ] , 
[-752636, 801833 ] , 
[-726896, -684210 ] , 
[-720398, 329592 ] , 
[-711619, 913843 ] , 
[-707938, -423142 ] , 
[-701887, -426213 ] , 
[-687401, 1124785 ] , 
[-670500, -587631 ] , 
[-665404, -1215202 ] , 
[-659705, 395739 ] , 
[-657215, 624469 ] , 
[-655642, 730068 ] , 
[-650234, -1492855 ] , 
[-649687, 978755 ] , 
[-634514, -1379551 ] , 
[-627592, 322620 ] , 
[-620219, -588651 ] , 
[-608478, 361257 ] , 
[-607457, 777679 ] , 
[-570315, -186902 ] , 
[-569661, -479724 ] , 
[-557742, -1484831 ] , 
[-543098, -189399 ] , 
[-531735, -679119 ] , 
[-531331, -783914 ] , 
[-529069, -1213318 ] , 
[-525694, 1204895 ] , 
[-524626, -866876 ] , 
[-521349, -1368304 ] , 
[-496230, -70755 ] , 
[-494851, -379889 ] , 
[-474883, -1035065 ] , 
[-460854, -644615 ] , 
[-458582, 562081 ] , 
[-457719, -416604 ] , 
[-456901, -1499553 ] , 
[-434603, 1294043 ] , 
[-428413, 1118422 ] , 
[-417883, -694346 ] , 
[-402236, -1403112 ] , 
[-393465, 740712 ] , 
[-393451, 1343688 ] , 
[-391500, -385671 ] , 
[-388988, 273513 ] , 
[-381103, -431446 ] , 
[-375355, -37305 ] , 
[-374522, -239885 ] , 
[-372624, -929795 ] , 
[-320536, 1218959 ] , 
[-316825, 832796 ] , 
[-314790, 9004 ] , 
[-305735, 928766 ] , 
[-301432, 1034392 ] , 
[-299194, -313706 ] , 
[-297567, -1036566 ] , 
[-297266, -179963 ] , 
[-297091, 232197 ] , 
[-289163, -282947 ] , 
[-284505, 579428 ] , 
[-278610, -1274537 ] , 
[-265710, -769808 ] , 
[-263989, -1415895 ] , 
[-237484, -724942 ] , 
[-229018, -1439861 ] , 
[-227416, -1200287 ] , 
[-216471, 1317018 ] , 
[-207843, -28850 ] , 
[-204024, -1094209 ] , 
[-187957, 1339322 ] , 
[-157345, -72468 ] , 
[-156312, 121248 ] , 
[-143427, 788463 ] , 
[-134208, 920976 ] , 
[-132300, 342474 ] , 
[-129225, 1008041 ] , 
[-118051, -981642 ] , 
[-112981, -454211 ] , 
[-103016, 1269250 ] , 
[-96007, 710952 ] , 
[-74104, -68469 ] , 
[-67821, -1442865 ] , 
[16999, -1402876 ] , 
[19260, -780073 ] , 
[23668, -225569 ] , 
[24249, 136119 ] , 
[47285, -600779 ] , 
[58390, 282591 ] , 
[60360, 674128 ] , 
[64232, -15691 ] , 
[67074, 1242798 ] , 
[74575, -546899 ] , 
[83224, 1359659 ] , 
[86375, 756156 ] , 
[91808, 1083400 ] , 
[97078, -1395885 ] , 
[99703, 829131 ] , 
[126222, -477408 ] , 
[137361, -892818 ] , 
[140766, 520617 ] , 
[153730, -270685 ] , 
[162541, 1353101 ] , 
[163129, 1453674 ] , 
[169500, -153163 ] , 
[171826, 857589 ] , 
[175308, -881191 ] , 
[182147, 238302 ] , 
[201880, -315431 ] , 
[204446, 634244 ] , 
[223712, -276482 ] , 
[256167, 1162932 ] , 
[270778, -409512 ] , 
[278412, 454793 ] , 
[288775, 708094 ] , 
[305722, -1272294 ] , 
[309459, -797420 ] , 
[322154, 440588 ] , 
[338904, -689507 ] , 
[356365, 585140 ] , 
[359177, 387524 ] , 
[398479, 1266619 ] , 
[403289, -936762 ] , 
[409720, -1098458 ] , 
[421383, -1420476 ] , 
[437546, 641716 ] , 
[449203, -1024093 ] , 
[480364, 775916 ] , 
[493870, 1492959 ] , 
[508918, -242256 ] , 
[511678, -339010 ] , 
[524312, -973079 ] , 
[527014, -618756 ] , 
[537253, 1022930 ] , 
[578013, 1042541 ] , 
[592059, -1092770 ] , 
[607994, -1006534 ] , 
[615688, -724053 ] , 
[623591, -1209015 ] , 
[628903, -493423 ] , 
[630373, -331416 ] , 
[632120, 1387392 ] , 
[632666, -20566 ] , 
[639187, -1377623 ] , 
[657773, -1151949 ] , 
[678699, 1351651 ] , 
[709973, 992775 ] , 
[713812, 728619 ] , 
[720998, -709029 ] , 
[729895, -289748 ] , 
[736421, -733273 ] , 
[746557, -509446 ] , 
[787286, -352904 ] , 
[791533, -1174867 ] , 
[803565, -29974 ] , 
[807479, -1499963 ] , 
[890911, 1494916 ] , 
[909149, -760115 ] , 
[945951, 1380866 ] , 
[951842, -1121230 ] , 
[966832, 1461720 ] , 
[970878, 1491245 ] , 
[972662, -1153374 ] , 
[974096, 1294151 ] , 
[988983, -707191 ] , 
[1000595, -1384829 ] , 
[1003879, -1415698 ] , 
[1019429, -230161 ] , 
[1020699, 1176292 ] , 
[1049141, -494423 ] , 
[1055823, -1371323 ] , 
[1057193, -672043 ] , 
[1060484, -1274243 ] , 
[1071289, -907129 ] , 
[1075605, -156420 ] , 
[1093694, 1291967 ] , 
[1110455, -1338806 ] , 
[1113672, 1372033 ] , 
[1114041, -1165239 ] , 
[1174418, 1499496 ] , 
[1175808, -120910 ] , 
[1180317, -925896 ] , 
[1219072, -218146 ] , 
[1230435, -166601 ] , 
[1252765, -658463 ] , 
[1346352, -535152 ] , 
[1351782, -538207 ] , 
[1357651, -1422333 ] , 
[1383043, -791756 ] , 
[1454211, -1379246 ] , 
[1455437, -502941 ] , 

		-> := 
( [-492860, 1146348 ] -> [653488, 1146349 ] )  , 
( [-931788, 655082 ] -> [-276706, 655083 ] )  , 
( [-548457, -436261 ] -> [-984718, -436260 ] )  , 
( [-152605, 643478 ] -> [490873, 643479 ] )  , 
( [-392719, 1127432 ] -> [734713, 1127433 ] )  , 
( [-151296, -553021 ] -> [-704317, -553020 ] )  , 
( [-532288, 117116 ] -> [-415172, 117117 ] )  , 
( [-390995, 1441251 ] -> [1050256, 1441252 ] )  , 
( [-142318, -497714 ] -> [-640032, -497713 ] )  , 
( [-1064736, 357684 ] -> [-707052, 357685 ] )  , 
( [-442649, 635875 ] -> [193226, 635876 ] )  , 
( [265604, -169531 ] -> [96073, -169530 ] )  , 
( [-312115, 841510 ] -> [529395, 841511 ] )  , 
( [554185, -430172 ] -> [124013, -430171 ] )  , 
( [-1233866, 267384 ] -> [-966482, 267385 ] )  , 
( [1207619, -128171 ] -> [1079448, -128170 ] )  , 
( [-754094, 445172 ] -> [-308922, 445173 ] )  , 
( [704259, -1164219 ] -> [-459960, -1164218 ] )  , 
( [746219, 72252 ] -> [818471, 72253 ] )  , 
( [189453, -1497487 ] -> [-1308034, -1497486 ] )  , 
( [-764352, -23529 ] -> [-787881, -23528 ] )  , 
( [135653, 987371 ] -> [1123024, 987372 ] )  , 
( [1354378, -1422836 ] -> [-68458, -1422835 ] )  , 
( [572130, -594646 ] -> [-22516, -594645 ] )  , 
( [-824188, 86700 ] -> [-737488, 86701 ] )  , 
( [234927, -624948 ] -> [-390021, -624947 ] )  , 
( [-439031, 1455661 ] -> [1016630, 1455662 ] )  , 
( [595103, -480002 ] -> [115101, -480001 ] )  , 
( [955628, -1330658 ] -> [-375030, -1330657 ] )  , 
( [-193586, -152089 ] -> [-345675, -152088 ] )  , 
( [1404165, -1301433 ] -> [102732, -1301432 ] )  , 
( [523275, 748336 ] -> [1271611, 748337 ] )  , 
( [1316029, -1402421 ] -> [-86392, -1402420 ] )  , 
( [-428306, 934046 ] -> [505740, 934047 ] )  , 
( [174300, 138288 ] -> [312588, 138289 ] )  , 
( [939523, 226776 ] -> [1166299, 226777 ] )  , 
( [1047309, -1338651 ] -> [-291342, -1338650 ] )  , 
( [-1115619, -290996 ] -> [-1406615, -290995 ] )  , 
( [-107037, 859390 ] -> [752353, 859391 ] )  , 
( [-149390, -1036736 ] -> [-1186126, -1036735 ] )  , 
( [-148692, -1253685 ] -> [-1402377, -1253684 ] )  , 
( [-543594, 816687 ] -> [273093, 816688 ] )  , 
( [886086, -894134 ] -> [-8048, -894133 ] )  , 
( [130013, 1284069 ] -> [1414082, 1284070 ] )  , 
( [1028277, -740596 ] -> [287681, -740595 ] )  , 
( [-472643, 1405088 ] -> [932445, 1405089 ] )  , 
( [-1376759, 1173937 ] -> [-202822, 1173938 ] )  , 
( [-718951, -514747 ] -> [-1233698, -514746 ] )  , 
( [901913, -310414 ] -> [591499, -310413 ] )  , 
( [1321119, -1157344 ] -> [163775, -1157343 ] )  , 
( [-563703, 699407 ] -> [135704, 699408 ] )  , 
( [-755384, -118333 ] -> [-873717, -118332 ] )  , 
( [868323, 547220 ] -> [1415543, 547221 ] )  , 
( [-600221, -503299 ] -> [-1103520, -503298 ] )  , 
( [667003, -321691 ] -> [345312, -321690 ] )  , 
( [-663604, -27889 ] -> [-691493, -27888 ] )  , 
( [-345109, 418064 ] -> [72955, 418065 ] )  , 
( [1330036, -17964 ] -> [1312072, -17963 ] )  , 
( [1330036, -17964 ] -> [-461414, -17864 ] )  , 
( [-163727, -327112 ] -> [-490839, -327111 ] )  , 
( [187277, 400719 ] -> [587996, 400720 ] )  , 
( [-1057782, -110721 ] -> [-1168503, -110720 ] )  , 
( [352177, 1024475 ] -> [1376652, 1024476 ] )  , 
( [559164, 498692 ] -> [1057856, 498693 ] )  , 
( [872173, -1184179 ] -> [-312006, -1184178 ] )  , 
( [603301, -1010892 ] -> [-407591, -1010891 ] )  , 
( [-185577, 1296103 ] -> [1110526, 1296104 ] )  , 
( [-1376107, 590001 ] -> [-786106, 590002 ] )  , 
( [-781262, 679395 ] -> [-101867, 679396 ] )  , 
( [-138199, -1048715 ] -> [-1186914, -1048714 ] )  , 
( [2631, 332622 ] -> [335253, 332623 ] )  , 
( [-1251646, 1099287 ] -> [-152359, 1099288 ] )  , 
( [234109, 699956 ] -> [934065, 699957 ] )  , 
( [220716, -919108 ] -> [-698392, -919107 ] )  , 
( [532248, -997378 ] -> [-465130, -997377 ] )  , 
( [1339923, -223522 ] -> [1116401, -223521 ] )  , 
( [1028437, 446225 ] -> [1474662, 446226 ] )  , 
( [254461, -316886 ] -> [-62425, -316885 ] )  , 
( [1143899, 57875 ] -> [1201774, 57876 ] )  , 
( [-1417472, 320132 ] -> [-1097340, 320133 ] )  , 
( [-1050858, 741223 ] -> [-309635, 741224 ] )  , 
( [-326007, 1368905 ] -> [1042898, 1368906 ] )  , 
( [983895, -478014 ] -> [505881, -478013 ] )  , 
( [-687891, -181141 ] -> [-869032, -181140 ] )  , 
( [-369999, 1036477 ] -> [666478, 1036478 ] )  , 
( [1086878, -425366 ] -> [661512, -425365 ] )  , 
( [528684, -1059216 ] -> [-530532, -1059215 ] )  , 
( [-24725, 1029586 ] -> [1004861, 1029587 ] )  , 
( [366961, 960341 ] -> [1327302, 960342 ] )  , 
( [-207136, -742510 ] -> [-949646, -742509 ] )  , 
( [-872600, 305609 ] -> [-566991, 305610 ] )  , 
( [-1126368, 676832 ] -> [-449536, 676833 ] )  , 
( [-1364602, 522860 ] -> [-841742, 522861 ] )  , 
( [118085, -1471293 ] -> [-1353208, -1471292 ] )  , 
( [146569, -1248439 ] -> [-1101870, -1248438 ] )  , 
( [1164432, 301248 ] -> [1465680, 301249 ] )  , 
( [1450989, -695625 ] -> [755364, -695624 ] )  , 
( [-1013681, 82360 ] -> [-931321, 82361 ] )  , 
( [-593489, -541903 ] -> [-1135392, -541902 ] )  , 
( [1145918, -263221 ] -> [882697, -263220 ] )  , 
( [817382, -513092 ] -> [304290, -513091 ] )  , 
( [-296429, 1307902 ] -> [1011473, 1307903 ] )  , 
( [-130686, -1322591 ] -> [-1453277, -1322590 ] )  , 
( [1160724, -1387650 ] -> [-226926, -1387649 ] )  , 
( [970704, -1497811 ] -> [-527107, -1497810 ] )  , 
( [648728, -367224 ] -> [281504, -367223 ] )  , 
( [309370, 652384 ] -> [961754, 652385 ] )  , 
( [-201780, 564096 ] -> [362316, 564097 ] )  , 
( [-912216, 682545 ] -> [-229671, 682546 ] )  , 
( [-534519, 1497691 ] -> [963172, 1497692 ] )  , 
( [183974, 1120348 ] -> [1304322, 1120349 ] )  , 
( [-786135, -436494 ] -> [-1222629, -436493 ] )  , 
( [-2249, -394083 ] -> [-396332, -394082 ] )  , 
( [-1222521, 199943 ] -> [-1022578, 199944 ] )  , 
( [268833, 1089148 ] -> [1357981, 1089149 ] )  , 
( [-899557, 625491 ] -> [-274066, 625492 ] )  , 
( [-1206275, 975939 ] -> [-230336, 975940 ] )  , 
( [-217546, -148736 ] -> [-366282, -148735 ] )  , 
( [547, 542759 ] -> [543306, 542760 ] )  , 
( [-1187956, 366434 ] -> [-821522, 366435 ] )  , 
( [1253471, -380228 ] -> [873243, -380227 ] )  , 
( [-644569, -775065 ] -> [-1419634, -775064 ] )  , 
( [-749535, 1467800 ] -> [718265, 1467801 ] )  , 
( [-835524, 1339477 ] -> [503953, 1339478 ] )  , 
( [-492992, 1242356 ] -> [749364, 1242357 ] )  , 
( [-10220, -912689 ] -> [-922909, -912688 ] )  , 
( [-664987, -143180 ] -> [-808167, -143179 ] )  , 
( [617187, 363102 ] -> [980289, 363103 ] )  , 
( [-1301299, 1014851 ] -> [-286448, 1014852 ] )  , 
( [1014712, -244319 ] -> [770393, -244318 ] )  , 
( [1263323, -1011826 ] -> [251497, -1011825 ] )  , 
( [-938887, 169897 ] -> [-768990, 169898 ] )  , 
( [701198, -171041 ] -> [530157, -171040 ] )  , 
( [-214813, 1118718 ] -> [903905, 1118719 ] )  , 
( [-1424300, 897607 ] -> [-526693, 897608 ] )  , 
( [515003, -486956 ] -> [28047, -486955 ] )  , 
( [800855, 547235 ] -> [1348090, 547236 ] )  , 
( [-896742, 657283 ] -> [-239459, 657284 ] )  , 
( [-53725, -1228761 ] -> [-1282486, -1228760 ] )  , 
( [-762965, -331091 ] -> [-1094056, -331090 ] )  , 
( [-248054, 471488 ] -> [223434, 471489 ] )  , 
( [-189968, -1309473 ] -> [-1499441, -1309472 ] )  , 
( [-1178973, 716761 ] -> [-462212, 716762 ] )  , 
( [-1017871, 76112 ] -> [-941759, 76113 ] )  , 
( [-72486, 1018422 ] -> [945936, 1018423 ] )  , 
( [-255706, 1307882 ] -> [1052176, 1307883 ] )  , 
( [-1494093, 630834 ] -> [-863259, 630835 ] )  , 
( [478630, 687256 ] -> [1165886, 687257 ] )  , 
( [-130967, -602901 ] -> [-733868, -602900 ] )  , 
( [-67456, 476853 ] -> [409397, 476854 ] )  , 
( [702836, 109077 ] -> [811913, 109078 ] )  , 
( [-629047, 414582 ] -> [-214465, 414583 ] )  , 





P = 0,t = 0:	((-2*x + 2*y <= 0) /\ (0*x + -2*y <= 0))	(cost, a) = (0.0,-1)	   

P = 1,t = 0:	((-2*x + 2*y <= 0) /\ (0*x + -2*y <= 0))	(cost, a) = (0.0,-1)	   

P = 2,t = 0:	((-2*x + 2*y <= 0) /\ (0*x + -2*y <= 0))	(cost, a) = (0.0,-1)	   

P = 3,t = 0:	((-2*x + 2*y <= 0) /\ (0*x + -2*y <= 0))	(cost, a) = (0.0,-1)	   

Z3 Call 1:
	Timeout = 0
	z3_correct = 0
	e value = 0.5

	Original-selection-points:

		+ := 

		- := 
[-1497232, -549105 ] , 
[-1494059, -1443090 ] , 
[-1488959, -1455711 ] , 
[-1487864, -81034 ] , 
[-1483777, -1044687 ] , 
[-1468343, -1390803 ] , 
[-1463534, 429659 ] , 
[-1455921, 1198461 ] , 
[-1454479, -7 ] , 
[-1429543, 659742 ] , 
[-1420545, 35425 ] , 
[-1414950, -993492 ] , 
[-1387564, 199016 ] , 
[-1380087, -845286 ] , 
[-1366896, -1420266 ] , 
[-1360843, -1295789 ] , 
[-1357032, -561466 ] , 
[-1356371, -793196 ] , 
[-1353638, 1140901 ] , 
[-1350883, -1109234 ] , 
[-1350653, -585543 ] , 
[-1341469, -818758 ] , 
[-1339475, -1233658 ] , 
[-1338597, 444844 ] , 
[-1333336, -982597 ] , 
[-1331860, -1358649 ] , 
[-1331381, 732735 ] , 
[-1328978, 935742 ] , 
[-1320813, 1232247 ] , 
[-1318023, 1192400 ] , 
[-1308385, -418854 ] , 
[-1307482, 1310608 ] , 
[-1305646, 315887 ] , 
[-1303649, 1462817 ] , 
[-1299217, 196961 ] , 
[-1291839, 88607 ] , 
[-1291621, -1110389 ] , 
[-1282797, 1489496 ] , 
[-1279438, 779283 ] , 
[-1278843, -664717 ] , 
[-1269824, -1201761 ] , 
[-1264684, 617124 ] , 
[-1239881, -1327273 ] , 
[-1228834, -1041310 ] , 
[-1223559, 576023 ] , 
[-1220484, -742870 ] , 
[-1215222, -191148 ] , 
[-1208222, 1321200 ] , 
[-1197009, -1157183 ] , 
[-1193000, 268718 ] , 
[-1179469, -676908 ] , 
[-1178244, 1428630 ] , 
[-1171176, 521422 ] , 
[-1169867, -1166650 ] , 
[-1157892, 819924 ] , 
[-1157515, -480546 ] , 
[-1156471, 992712 ] , 
[-1150514, -593526 ] , 
[-1138869, 1177215 ] , 
[-1129735, -494218 ] , 
[-1128212, -626885 ] , 
[-1127640, -157341 ] , 
[-1119363, -1412589 ] , 
[-1115766, -665104 ] , 
[-1113617, -891922 ] , 
[-1107418, 1352254 ] , 
[-1103809, 955576 ] , 
[-1094049, 266501 ] , 
[-1087594, -701449 ] , 
[-1077333, 1382815 ] , 
[-1076704, -763252 ] , 
[-1076553, 1046426 ] , 
[-1072475, -866057 ] , 
[-1069173, 477150 ] , 
[-1063062, -341036 ] , 
[-1060112, 442155 ] , 
[-1057697, -540528 ] , 
[-1055991, -88770 ] , 
[-1009417, 1123547 ] , 
[-996434, -1408326 ] , 
[-982724, -758686 ] , 
[-982261, 542212 ] , 
[-964060, -420168 ] , 
[-963558, -84229 ] , 
[-953181, -760554 ] , 
[-943620, 1478397 ] , 
[-943551, -606333 ] , 
[-927557, -708885 ] , 
[-912491, -482382 ] , 
[-904776, -546082 ] , 
[-904562, 462102 ] , 
[-883802, -1433251 ] , 
[-875417, 944976 ] , 
[-872451, -1312392 ] , 
[-870354, -662253 ] , 
[-863301, -1035188 ] , 
[-858610, -1198828 ] , 
[-847303, 381008 ] , 
[-840948, -560882 ] , 
[-837606, -1082080 ] , 
[-829196, 395476 ] , 
[-812979, 398194 ] , 
[-810730, -471572 ] , 
[-807788, -443914 ] , 
[-795122, 1324589 ] , 
[-789626, -228763 ] , 
[-788470, 62712 ] , 
[-786376, 710423 ] , 
[-771058, 1271206 ] , 
[-771027, -591189 ] , 
[-762274, -1278004 ] , 
[-757794, 1133217 ] , 
[-756262, 881735 ] , 
[-752636, 801833 ] , 
[-726896, -684210 ] , 
[-720398, 329592 ] , 
[-711619, 913843 ] , 
[-707938, -423142 ] , 
[-701887, -426213 ] , 
[-687401, 1124785 ] , 
[-670500, -587631 ] , 
[-665404, -1215202 ] , 
[-659705, 395739 ] , 
[-657215, 624469 ] , 
[-655642, 730068 ] , 
[-650234, -1492855 ] , 
[-649687, 978755 ] , 
[-634514, -1379551 ] , 
[-627592, 322620 ] , 
[-620219, -588651 ] , 
[-608478, 361257 ] , 
[-607457, 777679 ] , 
[-570315, -186902 ] , 
[-569661, -479724 ] , 
[-557742, -1484831 ] , 
[-543098, -189399 ] , 
[-531735, -679119 ] , 
[-531331, -783914 ] , 
[-529069, -1213318 ] , 
[-525694, 1204895 ] , 
[-524626, -866876 ] , 
[-521349, -1368304 ] , 
[-496230, -70755 ] , 
[-494851, -379889 ] , 
[-474883, -1035065 ] , 
[-460854, -644615 ] , 
[-458582, 562081 ] , 
[-457719, -416604 ] , 
[-456901, -1499553 ] , 
[-434603, 1294043 ] , 
[-428413, 1118422 ] , 
[-417883, -694346 ] , 
[-402236, -1403112 ] , 
[-393465, 740712 ] , 
[-393451, 1343688 ] , 
[-391500, -385671 ] , 
[-388988, 273513 ] , 
[-381103, -431446 ] , 
[-375355, -37305 ] , 
[-374522, -239885 ] , 
[-372624, -929795 ] , 
[-320536, 1218959 ] , 
[-316825, 832796 ] , 
[-314790, 9004 ] , 
[-305735, 928766 ] , 
[-301432, 1034392 ] , 
[-299194, -313706 ] , 
[-297567, -1036566 ] , 
[-297266, -179963 ] , 
[-297091, 232197 ] , 
[-289163, -282947 ] , 
[-284505, 579428 ] , 
[-278610, -1274537 ] , 
[-265710, -769808 ] , 
[-263989, -1415895 ] , 
[-237484, -724942 ] , 
[-229018, -1439861 ] , 
[-227416, -1200287 ] , 
[-216471, 1317018 ] , 
[-207843, -28850 ] , 
[-204024, -1094209 ] , 
[-187957, 1339322 ] , 
[-157345, -72468 ] , 
[-156312, 121248 ] , 
[-143427, 788463 ] , 
[-134208, 920976 ] , 
[-132300, 342474 ] , 
[-129225, 1008041 ] , 
[-118051, -981642 ] , 
[-112981, -454211 ] , 
[-103016, 1269250 ] , 
[-96007, 710952 ] , 
[-74104, -68469 ] , 
[-67821, -1442865 ] , 
[16999, -1402876 ] , 
[19260, -780073 ] , 
[23668, -225569 ] , 
[24249, 136119 ] , 
[47285, -600779 ] , 
[58390, 282591 ] , 
[60360, 674128 ] , 
[64232, -15691 ] , 
[67074, 1242798 ] , 
[74575, -546899 ] , 
[83224, 1359659 ] , 
[86375, 756156 ] , 
[91808, 1083400 ] , 
[97078, -1395885 ] , 
[99703, 829131 ] , 
[126222, -477408 ] , 
[137361, -892818 ] , 
[140766, 520617 ] , 
[153730, -270685 ] , 
[162541, 1353101 ] , 
[163129, 1453674 ] , 
[169500, -153163 ] , 
[171826, 857589 ] , 
[175308, -881191 ] , 
[182147, 238302 ] , 
[201880, -315431 ] , 
[204446, 634244 ] , 
[223712, -276482 ] , 
[256167, 1162932 ] , 
[270778, -409512 ] , 
[278412, 454793 ] , 
[288775, 708094 ] , 
[305722, -1272294 ] , 
[309459, -797420 ] , 
[322154, 440588 ] , 
[338904, -689507 ] , 
[356365, 585140 ] , 
[359177, 387524 ] , 
[398479, 1266619 ] , 
[403289, -936762 ] , 
[409720, -1098458 ] , 
[421383, -1420476 ] , 
[437546, 641716 ] , 
[449203, -1024093 ] , 
[480364, 775916 ] , 
[493870, 1492959 ] , 
[508918, -242256 ] , 
[511678, -339010 ] , 
[524312, -973079 ] , 
[527014, -618756 ] , 
[537253, 1022930 ] , 
[578013, 1042541 ] , 
[592059, -1092770 ] , 
[607994, -1006534 ] , 
[615688, -724053 ] , 
[623591, -1209015 ] , 
[628903, -493423 ] , 
[630373, -331416 ] , 
[632120, 1387392 ] , 
[632666, -20566 ] , 
[639187, -1377623 ] , 
[657773, -1151949 ] , 
[678699, 1351651 ] , 
[709973, 992775 ] , 
[713812, 728619 ] , 
[720998, -709029 ] , 
[729895, -289748 ] , 
[736421, -733273 ] , 
[746557, -509446 ] , 
[787286, -352904 ] , 
[791533, -1174867 ] , 
[803565, -29974 ] , 
[807479, -1499963 ] , 
[890911, 1494916 ] , 
[909149, -760115 ] , 
[945951, 1380866 ] , 
[951842, -1121230 ] , 
[966832, 1461720 ] , 
[970878, 1491245 ] , 
[972662, -1153374 ] , 
[974096, 1294151 ] , 
[988983, -707191 ] , 
[1000595, -1384829 ] , 
[1003879, -1415698 ] , 
[1019429, -230161 ] , 
[1020699, 1176292 ] , 
[1049141, -494423 ] , 
[1055823, -1371323 ] , 
[1057193, -672043 ] , 
[1060484, -1274243 ] , 
[1071289, -907129 ] , 
[1075605, -156420 ] , 
[1093694, 1291967 ] , 
[1110455, -1338806 ] , 
[1113672, 1372033 ] , 
[1114041, -1165239 ] , 
[1174418, 1499496 ] , 
[1175808, -120910 ] , 
[1180317, -925896 ] , 
[1219072, -218146 ] , 
[1230435, -166601 ] , 
[1252765, -658463 ] , 
[1346352, -535152 ] , 
[1351782, -538207 ] , 
[1357651, -1422333 ] , 
[1383043, -791756 ] , 
[1454211, -1379246 ] , 
[1455437, -502941 ] , 

		-> := 
( [-492860, 1146348 ] -> [653488, 1146349 ] )  , 
( [-931788, 655082 ] -> [-276706, 655083 ] )  , 
( [-548457, -436261 ] -> [-984718, -436260 ] )  , 
( [-152605, 643478 ] -> [490873, 643479 ] )  , 
( [-392719, 1127432 ] -> [734713, 1127433 ] )  , 
( [-151296, -553021 ] -> [-704317, -553020 ] )  , 
( [-532288, 117116 ] -> [-415172, 117117 ] )  , 
( [-390995, 1441251 ] -> [1050256, 1441252 ] )  , 
( [-142318, -497714 ] -> [-640032, -497713 ] )  , 
( [-1064736, 357684 ] -> [-707052, 357685 ] )  , 
( [-442649, 635875 ] -> [193226, 635876 ] )  , 
( [265604, -169531 ] -> [96073, -169530 ] )  , 
( [-312115, 841510 ] -> [529395, 841511 ] )  , 
( [554185, -430172 ] -> [124013, -430171 ] )  , 
( [-1233866, 267384 ] -> [-966482, 267385 ] )  , 
( [1207619, -128171 ] -> [1079448, -128170 ] )  , 
( [-754094, 445172 ] -> [-308922, 445173 ] )  , 
( [704259, -1164219 ] -> [-459960, -1164218 ] )  , 
( [746219, 72252 ] -> [818471, 72253 ] )  , 
( [189453, -1497487 ] -> [-1308034, -1497486 ] )  , 
( [-764352, -23529 ] -> [-787881, -23528 ] )  , 
( [135653, 987371 ] -> [1123024, 987372 ] )  , 
( [1354378, -1422836 ] -> [-68458, -1422835 ] )  , 
( [572130, -594646 ] -> [-22516, -594645 ] )  , 
( [-824188, 86700 ] -> [-737488, 86701 ] )  , 
( [234927, -624948 ] -> [-390021, -624947 ] )  , 
( [-439031, 1455661 ] -> [1016630, 1455662 ] )  , 
( [595103, -480002 ] -> [115101, -480001 ] )  , 
( [955628, -1330658 ] -> [-375030, -1330657 ] )  , 
( [-193586, -152089 ] -> [-345675, -152088 ] )  , 
( [1404165, -1301433 ] -> [102732, -1301432 ] )  , 
( [523275, 748336 ] -> [1271611, 748337 ] )  , 
( [1316029, -1402421 ] -> [-86392, -1402420 ] )  , 
( [-428306, 934046 ] -> [505740, 934047 ] )  , 
( [174300, 138288 ] -> [312588, 138289 ] )  , 
( [939523, 226776 ] -> [1166299, 226777 ] )  , 
( [1047309, -1338651 ] -> [-291342, -1338650 ] )  , 
( [-1115619, -290996 ] -> [-1406615, -290995 ] )  , 
( [-107037, 859390 ] -> [752353, 859391 ] )  , 
( [-149390, -1036736 ] -> [-1186126, -1036735 ] )  , 
( [-148692, -1253685 ] -> [-1402377, -1253684 ] )  , 
( [-543594, 816687 ] -> [273093, 816688 ] )  , 
( [886086, -894134 ] -> [-8048, -894133 ] )  , 
( [130013, 1284069 ] -> [1414082, 1284070 ] )  , 
( [1028277, -740596 ] -> [287681, -740595 ] )  , 
( [-472643, 1405088 ] -> [932445, 1405089 ] )  , 
( [-1376759, 1173937 ] -> [-202822, 1173938 ] )  , 
( [-718951, -514747 ] -> [-1233698, -514746 ] )  , 
( [901913, -310414 ] -> [591499, -310413 ] )  , 
( [1321119, -1157344 ] -> [163775, -1157343 ] )  , 
( [-563703, 699407 ] -> [135704, 699408 ] )  , 
( [-755384, -118333 ] -> [-873717, -118332 ] )  , 
( [868323, 547220 ] -> [1415543, 547221 ] )  , 
( [-600221, -503299 ] -> [-1103520, -503298 ] )  , 
( [667003, -321691 ] -> [345312, -321690 ] )  , 
( [-663604, -27889 ] -> [-691493, -27888 ] )  , 
( [-345109, 418064 ] -> [72955, 418065 ] )  , 
( [1330036, -17964 ] -> [1312072, -17963 ] )  , 
( [1330036, -17964 ] -> [-461414, -17864 ] )  , 
( [-163727, -327112 ] -> [-490839, -327111 ] )  , 
( [187277, 400719 ] -> [587996, 400720 ] )  , 
( [-1057782, -110721 ] -> [-1168503, -110720 ] )  , 
( [352177, 1024475 ] -> [1376652, 1024476 ] )  , 
( [559164, 498692 ] -> [1057856, 498693 ] )  , 
( [872173, -1184179 ] -> [-312006, -1184178 ] )  , 
( [603301, -1010892 ] -> [-407591, -1010891 ] )  , 
( [-185577, 1296103 ] -> [1110526, 1296104 ] )  , 
( [-1376107, 590001 ] -> [-786106, 590002 ] )  , 
( [-781262, 679395 ] -> [-101867, 679396 ] )  , 
( [-138199, -1048715 ] -> [-1186914, -1048714 ] )  , 
( [2631, 332622 ] -> [335253, 332623 ] )  , 
( [-1251646, 1099287 ] -> [-152359, 1099288 ] )  , 
( [234109, 699956 ] -> [934065, 699957 ] )  , 
( [220716, -919108 ] -> [-698392, -919107 ] )  , 
( [532248, -997378 ] -> [-465130, -997377 ] )  , 
( [1339923, -223522 ] -> [1116401, -223521 ] )  , 
( [1028437, 446225 ] -> [1474662, 446226 ] )  , 
( [254461, -316886 ] -> [-62425, -316885 ] )  , 
( [1143899, 57875 ] -> [1201774, 57876 ] )  , 
( [-1417472, 320132 ] -> [-1097340, 320133 ] )  , 
( [-1050858, 741223 ] -> [-309635, 741224 ] )  , 
( [-326007, 1368905 ] -> [1042898, 1368906 ] )  , 
( [983895, -478014 ] -> [505881, -478013 ] )  , 
( [-687891, -181141 ] -> [-869032, -181140 ] )  , 
( [-369999, 1036477 ] -> [666478, 1036478 ] )  , 
( [1086878, -425366 ] -> [661512, -425365 ] )  , 
( [528684, -1059216 ] -> [-530532, -1059215 ] )  , 
( [-24725, 1029586 ] -> [1004861, 1029587 ] )  , 
( [366961, 960341 ] -> [1327302, 960342 ] )  , 
( [-207136, -742510 ] -> [-949646, -742509 ] )  , 
( [-872600, 305609 ] -> [-566991, 305610 ] )  , 
( [-1126368, 676832 ] -> [-449536, 676833 ] )  , 
( [-1364602, 522860 ] -> [-841742, 522861 ] )  , 
( [118085, -1471293 ] -> [-1353208, -1471292 ] )  , 
( [146569, -1248439 ] -> [-1101870, -1248438 ] )  , 
( [1164432, 301248 ] -> [1465680, 301249 ] )  , 
( [1450989, -695625 ] -> [755364, -695624 ] )  , 
( [-1013681, 82360 ] -> [-931321, 82361 ] )  , 
( [-593489, -541903 ] -> [-1135392, -541902 ] )  , 
( [1145918, -263221 ] -> [882697, -263220 ] )  , 
( [817382, -513092 ] -> [304290, -513091 ] )  , 
( [-296429, 1307902 ] -> [1011473, 1307903 ] )  , 
( [-130686, -1322591 ] -> [-1453277, -1322590 ] )  , 
( [1160724, -1387650 ] -> [-226926, -1387649 ] )  , 
( [970704, -1497811 ] -> [-527107, -1497810 ] )  , 
( [648728, -367224 ] -> [281504, -367223 ] )  , 
( [309370, 652384 ] -> [961754, 652385 ] )  , 
( [-201780, 564096 ] -> [362316, 564097 ] )  , 
( [-912216, 682545 ] -> [-229671, 682546 ] )  , 
( [-534519, 1497691 ] -> [963172, 1497692 ] )  , 
( [183974, 1120348 ] -> [1304322, 1120349 ] )  , 
( [-786135, -436494 ] -> [-1222629, -436493 ] )  , 
( [-2249, -394083 ] -> [-396332, -394082 ] )  , 
( [-1222521, 199943 ] -> [-1022578, 199944 ] )  , 
( [268833, 1089148 ] -> [1357981, 1089149 ] )  , 
( [-899557, 625491 ] -> [-274066, 625492 ] )  , 
( [-1206275, 975939 ] -> [-230336, 975940 ] )  , 
( [-217546, -148736 ] -> [-366282, -148735 ] )  , 
( [547, 542759 ] -> [543306, 542760 ] )  , 
( [-1187956, 366434 ] -> [-821522, 366435 ] )  , 
( [1253471, -380228 ] -> [873243, -380227 ] )  , 
( [-644569, -775065 ] -> [-1419634, -775064 ] )  , 
( [-749535, 1467800 ] -> [718265, 1467801 ] )  , 
( [-835524, 1339477 ] -> [503953, 1339478 ] )  , 
( [-492992, 1242356 ] -> [749364, 1242357 ] )  , 
( [-10220, -912689 ] -> [-922909, -912688 ] )  , 
( [-664987, -143180 ] -> [-808167, -143179 ] )  , 
( [617187, 363102 ] -> [980289, 363103 ] )  , 
( [-1301299, 1014851 ] -> [-286448, 1014852 ] )  , 
( [1014712, -244319 ] -> [770393, -244318 ] )  , 
( [1263323, -1011826 ] -> [251497, -1011825 ] )  , 
( [-938887, 169897 ] -> [-768990, 169898 ] )  , 
( [701198, -171041 ] -> [530157, -171040 ] )  , 
( [-214813, 1118718 ] -> [903905, 1118719 ] )  , 
( [-1424300, 897607 ] -> [-526693, 897608 ] )  , 
( [515003, -486956 ] -> [28047, -486955 ] )  , 
( [800855, 547235 ] -> [1348090, 547236 ] )  , 
( [-896742, 657283 ] -> [-239459, 657284 ] )  , 
( [-53725, -1228761 ] -> [-1282486, -1228760 ] )  , 
( [-762965, -331091 ] -> [-1094056, -331090 ] )  , 
( [-248054, 471488 ] -> [223434, 471489 ] )  , 
( [-189968, -1309473 ] -> [-1499441, -1309472 ] )  , 
( [-1178973, 716761 ] -> [-462212, 716762 ] )  , 
( [-1017871, 76112 ] -> [-941759, 76113 ] )  , 
( [-72486, 1018422 ] -> [945936, 1018423 ] )  , 
( [-255706, 1307882 ] -> [1052176, 1307883 ] )  , 
( [-1494093, 630834 ] -> [-863259, 630835 ] )  , 
( [478630, 687256 ] -> [1165886, 687257 ] )  , 
( [-130967, -602901 ] -> [-733868, -602900 ] )  , 
( [-67456, 476853 ] -> [409397, 476854 ] )  , 
( [702836, 109077 ] -> [811913, 109078 ] )  , 
( [-629047, 414582 ] -> [-214465, 414583 ] )  , 





	CEX-generated:

		+ := 

		- := 
[0, 0 ] , 
[1, 0 ] , 
[2, 0 ] , 
[3, 0 ] , 
[4, 0 ] , 

		-> := 
( [0, 0 ] -> [0, 1 ] )  , 





	Iterated ICE pairs:

		-> := 
( [0, 0 ] -> [4950, 100 ] )  , 






P = 0,t = 0:	((-2*x + 2*y <= 0) /\ (0*x + -2*y <= 0))	(cost, a) = (7.7716985e-05,-1)	   

P = 1,t = 0:	((-2*x + 2*y <= 0) /\ (0*x + -2*y <= 0))	(cost, a) = (7.7716985e-05,-1)	   

P = 2,t = 0:	((-2*x + 2*y <= 0) /\ (0*x + -2*y <= 0))	(cost, a) = (7.7716985e-05,-1)	   

P = 3,t = 0:	((-2*x + 2*y <= 0) /\ (0*x + -2*y <= 0))	(cost, a) = (7.7716985e-05,-1)	   

T0 values are [0.21913856558068337, 0.09290768146465629, 0.15366599291822677, 0.21637921994477752 ]

Invariant Found:	
((-1*x + 1*y <= 0) /\ (0*x + -2*y <= -1))




Time Statistics:

	Total Time: 26.862379248000025

	Total Initialization and Re-initialization Time: 1.739801027999988

	Total MCMC time: 24.490346978000048

	Total Z3 Time: 0.6322312419999889

	Total MCMC iterations forall threads: 37

	Total Z3 calls: 2

	Number of Threads: 4

