Initialization Complete...

	Affine SubSpace: 


	Non Iterative Precondition: 



	Selected-Points:

		+ := 
[0, 0, 3417 ] , 
[0, 0, 7618 ] , 
[0, 0, 11677 ] , 
[0, 0, 11700 ] , 
[0, 0, 14732 ] , 
[0, 0, 35788 ] , 
[0, 0, 36742 ] , 
[0, 0, 49407 ] , 
[0, 0, 50892 ] , 
[0, 0, 52410 ] , 
[0, 0, 56554 ] , 
[0, 0, 59111 ] , 
[0, 0, 66660 ] , 
[0, 0, 68089 ] , 
[0, 0, 69337 ] , 
[0, 0, 70552 ] , 
[0, 0, 73308 ] , 
[0, 0, 75849 ] , 
[0, 0, 76635 ] , 
[0, 0, 86554 ] , 
[0, 0, 89239 ] , 
[0, 0, 89680 ] , 
[0, 0, 95506 ] , 
[0, 0, 95519 ] , 
[0, 0, 111859 ] , 
[0, 0, 117513 ] , 
[0, 0, 122688 ] , 
[0, 0, 137844 ] , 
[0, 0, 141449 ] , 
[0, 0, 145450 ] , 
[0, 0, 146189 ] , 
[0, 0, 157453 ] , 
[0, 0, 171603 ] , 
[0, 0, 185857 ] , 
[0, 0, 194628 ] , 
[0, 0, 200631 ] , 
[0, 0, 217861 ] , 
[0, 0, 227752 ] , 
[0, 0, 233663 ] , 
[0, 0, 233795 ] , 
[0, 0, 243420 ] , 
[0, 0, 244099 ] , 
[0, 0, 252864 ] , 
[0, 0, 260980 ] , 
[0, 0, 261567 ] , 
[0, 0, 277217 ] , 
[0, 0, 288293 ] , 
[0, 0, 288801 ] , 
[0, 0, 289164 ] , 
[0, 0, 292540 ] , 
[0, 0, 292752 ] , 
[0, 0, 295696 ] , 
[0, 0, 296605 ] , 
[0, 0, 305183 ] , 
[0, 0, 306292 ] , 
[0, 0, 307143 ] , 
[0, 0, 308926 ] , 
[0, 0, 310170 ] , 
[0, 0, 310311 ] , 
[0, 0, 313924 ] , 
[0, 0, 314135 ] , 
[0, 0, 319635 ] , 
[0, 0, 321778 ] , 
[0, 0, 322818 ] , 
[0, 0, 326774 ] , 
[0, 0, 331217 ] , 
[0, 0, 334721 ] , 
[0, 0, 338709 ] , 
[0, 0, 345366 ] , 
[0, 0, 354355 ] , 
[0, 0, 360182 ] , 
[0, 0, 360256 ] , 
[0, 0, 366446 ] , 
[0, 0, 377164 ] , 
[0, 0, 377997 ] , 
[0, 0, 395495 ] , 
[0, 0, 398292 ] , 
[0, 0, 399607 ] , 
[0, 0, 406098 ] , 
[0, 0, 410082 ] , 
[0, 0, 413087 ] , 
[0, 0, 415684 ] , 
[0, 0, 424339 ] , 
[0, 0, 426328 ] , 
[0, 0, 429089 ] , 
[0, 0, 431230 ] , 
[0, 0, 436274 ] , 
[0, 0, 439837 ] , 
[0, 0, 449348 ] , 
[0, 0, 464803 ] , 
[0, 0, 468370 ] , 
[0, 0, 469132 ] , 
[0, 0, 482295 ] , 
[0, 0, 484224 ] , 
[0, 0, 494168 ] , 
[0, 0, 498945 ] , 
[0, 0, 509570 ] , 
[0, 0, 523784 ] , 
[0, 0, 526894 ] , 
[0, 0, 530194 ] , 
[0, 0, 536395 ] , 
[0, 0, 537268 ] , 
[0, 0, 540647 ] , 
[0, 0, 540918 ] , 
[0, 0, 541679 ] , 
[0, 0, 541895 ] , 
[0, 0, 546346 ] , 
[0, 0, 552914 ] , 
[0, 0, 559341 ] , 
[0, 0, 561613 ] , 
[0, 0, 574453 ] , 
[0, 0, 576484 ] , 
[0, 0, 578120 ] , 
[0, 0, 578389 ] , 
[0, 0, 595468 ] , 
[0, 0, 597773 ] , 
[0, 0, 606318 ] , 
[0, 0, 611497 ] , 
[0, 0, 614087 ] , 
[0, 0, 614404 ] , 
[0, 0, 618954 ] , 
[0, 0, 619747 ] , 
[0, 0, 635567 ] , 
[0, 0, 640600 ] , 
[0, 0, 659571 ] , 
[0, 0, 663796 ] , 
[0, 0, 669490 ] , 
[0, 0, 673952 ] , 
[0, 0, 675141 ] , 
[0, 0, 677159 ] , 
[0, 0, 677927 ] , 
[0, 0, 682174 ] , 
[0, 0, 682345 ] , 
[0, 0, 687596 ] , 
[0, 0, 689317 ] , 
[0, 0, 691420 ] , 
[0, 0, 697157 ] , 
[0, 0, 697926 ] , 
[0, 0, 701292 ] , 
[0, 0, 704701 ] , 
[0, 0, 708064 ] , 
[0, 0, 713285 ] , 
[0, 0, 719683 ] , 
[0, 0, 734804 ] , 
[0, 0, 744253 ] , 
[0, 0, 750757 ] , 
[0, 0, 767125 ] , 
[0, 0, 770247 ] , 
[0, 0, 772925 ] , 
[0, 0, 790242 ] , 
[0, 0, 803901 ] , 
[0, 0, 809596 ] , 
[0, 0, 812206 ] , 
[0, 0, 815587 ] , 
[0, 0, 815720 ] , 
[0, 0, 819149 ] , 
[0, 0, 835662 ] , 
[0, 0, 837940 ] , 
[0, 0, 853650 ] , 
[0, 0, 856659 ] , 
[0, 0, 859171 ] , 
[0, 0, 859333 ] , 
[0, 0, 860726 ] , 
[0, 0, 870247 ] , 
[0, 0, 891579 ] , 
[0, 0, 893953 ] , 
[0, 0, 899408 ] , 
[0, 0, 904012 ] , 
[0, 0, 907914 ] , 
[0, 0, 909141 ] , 
[0, 0, 912068 ] , 
[0, 0, 921667 ] , 
[0, 0, 922099 ] , 
[0, 0, 927934 ] , 
[0, 0, 938910 ] , 
[0, 0, 945569 ] , 
[0, 0, 946652 ] , 
[0, 0, 957106 ] , 
[0, 0, 957458 ] , 
[0, 0, 964461 ] , 
[0, 0, 965057 ] , 
[0, 0, 966539 ] , 
[0, 0, 975877 ] , 
[0, 0, 983530 ] , 
[0, 0, 985058 ] , 
[0, 0, 999704 ] , 
[0, 0, 1000000 ] , 
[0, 0, 1002220 ] , 
[0, 0, 1004011 ] , 
[0, 0, 1005786 ] , 
[0, 0, 1013964 ] , 
[0, 0, 1024809 ] , 
[0, 0, 1025742 ] , 
[0, 0, 1029332 ] , 
[0, 0, 1034476 ] , 
[0, 0, 1047795 ] , 
[0, 0, 1057281 ] , 
[0, 0, 1075853 ] , 
[0, 0, 1079129 ] , 
[0, 0, 1086720 ] , 
[0, 0, 1087895 ] , 
[0, 0, 1108902 ] , 
[0, 0, 1117335 ] , 
[0, 0, 1129927 ] , 
[0, 0, 1133499 ] , 
[0, 0, 1138520 ] , 
[0, 0, 1154799 ] , 
[0, 0, 1159145 ] , 
[0, 0, 1164068 ] , 
[0, 0, 1168560 ] , 
[0, 0, 1170051 ] , 
[0, 0, 1171643 ] , 
[0, 0, 1173847 ] , 
[0, 0, 1178071 ] , 
[0, 0, 1185221 ] , 
[0, 0, 1187025 ] , 
[0, 0, 1195660 ] , 
[0, 0, 1195838 ] , 
[0, 0, 1209356 ] , 
[0, 0, 1211068 ] , 
[0, 0, 1222146 ] , 
[0, 0, 1225015 ] , 
[0, 0, 1225692 ] , 
[0, 0, 1233641 ] , 
[0, 0, 1243259 ] , 
[0, 0, 1254236 ] , 
[0, 0, 1257195 ] , 
[0, 0, 1267519 ] , 
[0, 0, 1280633 ] , 
[0, 0, 1284106 ] , 
[0, 0, 1292669 ] , 
[0, 0, 1297993 ] , 
[0, 0, 1304283 ] , 
[0, 0, 1313146 ] , 
[0, 0, 1331164 ] , 
[0, 0, 1336095 ] , 
[0, 0, 1342827 ] , 
[0, 0, 1344124 ] , 
[0, 0, 1349881 ] , 
[0, 0, 1351191 ] , 
[0, 0, 1360336 ] , 
[0, 0, 1361931 ] , 
[0, 0, 1370823 ] , 
[0, 0, 1372381 ] , 
[0, 0, 1384011 ] , 
[0, 0, 1386508 ] , 
[0, 0, 1389462 ] , 
[0, 0, 1393137 ] , 
[0, 0, 1395311 ] , 
[0, 0, 1402407 ] , 
[0, 0, 1410481 ] , 
[0, 0, 1417311 ] , 
[0, 0, 1424374 ] , 
[0, 0, 1430748 ] , 
[0, 0, 1439383 ] , 
[0, 0, 1444095 ] , 
[0, 0, 1444149 ] , 
[0, 0, 1444204 ] , 
[0, 0, 1448393 ] , 
[0, 0, 1448467 ] , 
[0, 0, 1451528 ] , 
[0, 0, 1453166 ] , 
[0, 0, 1461701 ] , 
[0, 0, 1466312 ] , 
[0, 0, 1489128 ] , 

		- := 
[77897, -449368, 160 ] , 
[97396, -1151515, 3401 ] , 
[119280, 695400, 65886 ] , 
[122772, -155119, 97706 ] , 
[152814, 1414097, 103342 ] , 
[157373, 1133151, 106421 ] , 
[160941, -801490, 153150 ] , 
[164925, 659679, 25784 ] , 
[200192, -1103679, 38404 ] , 
[200637, 1121011, 139536 ] , 
[212761, -763116, 100921 ] , 
[213434, -70522, 179658 ] , 
[219169, 595614, 217209 ] , 
[225252, -585393, 75015 ] , 
[233143, -813622, 146006 ] , 
[235258, -569221, 169649 ] , 
[235553, 1015102, 115082 ] , 
[250071, -286623, 21275 ] , 
[267193, 1393605, 36072 ] , 
[278552, -470431, 230319 ] , 
[278652, 796893, 59798 ] , 
[280120, 479767, 119686 ] , 
[292481, -1047966, 180707 ] , 
[292655, 1365009, 90498 ] , 
[300185, -948060, 121810 ] , 
[300308, -642477, 125488 ] , 
[307974, 889585, 218214 ] , 
[318297, 757716, 102773 ] , 
[321912, 543715, 90289 ] , 
[323230, -875305, 147288 ] , 
[328082, -89111, 158387 ] , 
[329979, -1252765, 27666 ] , 
[335769, 1131812, 236105 ] , 
[342656, 621057, 79038 ] , 
[347170, -1235586, 216469 ] , 
[348543, 1123759, 255050 ] , 
[350065, 1360727, 131908 ] , 
[351283, 602928, 94129 ] , 
[352066, -1366076, 87348 ] , 
[360114, -895746, 272496 ] , 
[363234, 683680, 347980 ] , 
[367199, -182139, 50128 ] , 
[367836, -1358403, 60952 ] , 
[371956, -1098985, 285545 ] , 
[382661, 398589, 296784 ] , 
[383790, 1004931, 171472 ] , 
[388413, -360303, 218375 ] , 
[390856, 610131, 374913 ] , 
[392720, -337901, 214878 ] , 
[394909, -1211517, 146877 ] , 
[399621, 388170, 203177 ] , 
[402797, -1306692, 179011 ] , 
[421849, -1034230, 331797 ] , 
[423514, -1209589, 144225 ] , 
[423521, -1345400, 115703 ] , 
[423582, 1338329, 52963 ] , 
[430117, -895479, 158332 ] , 
[437675, -1270277, 405627 ] , 
[438045, 1266990, 407758 ] , 
[443701, 169241, 89672 ] , 
[444193, 891041, 412239 ] , 
[454819, -391562, 130828 ] , 
[456133, 209891, 134004 ] , 
[457123, -769410, 79150 ] , 
[457624, 826286, 336178 ] , 
[464396, -578243, 341965 ] , 
[476323, 1040204, 394664 ] , 
[476786, -740693, 37016 ] , 
[477515, -685596, 317678 ] , 
[480156, 501166, 25597 ] , 
[482346, -1147763, 181180 ] , 
[483828, -1285748, 75587 ] , 
[495912, 640146, 319030 ] , 
[500777, -774394, 184161 ] , 
[506154, 1145669, 493473 ] , 
[506662, -1350986, 482603 ] , 
[509634, -749687, 292436 ] , 
[510894, 1326632, 466478 ] , 
[511298, 1303347, 378425 ] , 
[512344, 530585, 70364 ] , 
[513543, 772986, 11773 ] , 
[514405, 1287007, 445184 ] , 
[526749, 965543, 309066 ] , 
[528065, 593420, 138627 ] , 
[531686, 955163, 180473 ] , 
[533588, -1011774, 2133 ] , 
[535082, -766781, 524319 ] , 
[535975, 965213, 166077 ] , 
[537648, 979212, 463917 ] , 
[539306, 1164538, 416689 ] , 
[540845, 1260667, 373966 ] , 
[545260, 173148, 126877 ] , 
[547098, 1353371, 65053 ] , 
[548392, 607359, 434255 ] , 
[549662, -348158, 467326 ] , 
[551153, -70303, 431124 ] , 
[557463, 829657, 203969 ] , 
[559146, -182266, 417507 ] , 
[561087, -704667, 410927 ] , 
[563336, 1018101, 252169 ] , 
[573131, 270614, 61661 ] , 
[573770, 168190, 89453 ] , 
[573861, -869303, 482562 ] , 
[574850, -819412, 356626 ] , 
[578311, -1078656, 576873 ] , 
[582753, -1045466, 183221 ] , 
[587180, 778145, 95009 ] , 
[594268, 967435, 45386 ] , 
[596390, 196809, 109123 ] , 
[598756, 1018326, 503259 ] , 
[603482, 1330295, 175421 ] , 
[604044, -678207, 331619 ] , 
[611632, 967348, 145187 ] , 
[616314, 553636, 248529 ] , 
[616466, 805497, 193777 ] , 
[619591, 405711, 369573 ] , 
[622010, -212245, 469552 ] , 
[632082, -38171, 299764 ] , 
[637696, -830765, 524332 ] , 
[641091, 897150, 412741 ] , 
[641491, 1312595, 580024 ] , 
[646121, 720848, 611096 ] , 
[646872, -1294894, 300151 ] , 
[647552, -124951, 222428 ] , 
[647786, -1077366, 548572 ] , 
[648374, 562515, 296587 ] , 
[649385, -894792, 60031 ] , 
[650479, 743797, 444995 ] , 
[654028, 815293, 164232 ] , 
[655882, 431367, 395293 ] , 
[656057, -1442964, 288061 ] , 
[658372, -164846, 271407 ] , 
[661632, -463655, 531581 ] , 
[662164, -1478946, 116744 ] , 
[665845, -1229793, 652341 ] , 
[666844, -1454761, 639276 ] , 
[670354, -686652, 71531 ] , 
[671203, 762418, 473518 ] , 
[674860, 880775, 117966 ] , 
[675133, 1188337, 223227 ] , 
[676705, -1457389, 5768 ] , 
[677810, 188175, 26817 ] , 
[678643, 790459, 147848 ] , 
[681726, 431593, 77465 ] , 
[682196, 1057580, 268371 ] , 
[686272, -762967, 238333 ] , 
[688796, -1280925, 598552 ] , 
[692196, -1248664, 222652 ] , 
[692223, 781287, 520741 ] , 
[697758, -158939, 386551 ] , 
[699219, 619728, 123327 ] , 
[702962, 937834, 174421 ] , 
[704914, -189927, 342731 ] , 
[710755, -683079, 589869 ] , 
[711076, -745653, 693360 ] , 
[712719, -1406112, 669707 ] , 
[713680, 1326382, 273540 ] , 
[714824, 628757, 626153 ] , 
[716412, 633470, 440305 ] , 
[716803, -263954, 390222 ] , 
[718272, 973032, 528507 ] , 
[719275, 826402, 115329 ] , 
[721678, -1392668, 581941 ] , 
[723367, 1358404, 264429 ] , 
[726113, 1403084, 22292 ] , 
[728967, 1132142, 569438 ] , 
[732818, 1099622, 301392 ] , 
[738332, 491990, 213982 ] , 
[740399, 596596, 460142 ] , 
[741668, -320554, 699343 ] , 
[743859, 768222, 447954 ] , 
[746526, 1469823, 660927 ] , 
[747640, 912632, 97716 ] , 
[747950, 753982, 169070 ] , 
[751016, 1459242, 58871 ] , 
[753846, 549892, 535738 ] , 
[758209, 899868, 678293 ] , 
[763464, 1265722, 423621 ] , 
[764447, 663597, 540560 ] , 
[767683, -508185, 700600 ] , 
[769693, 195329, 155335 ] , 
[776122, 502980, 473963 ] , 
[776708, 572410, 44642 ] , 
[777010, -457430, 136545 ] , 
[778873, 1032862, 451662 ] , 
[781267, 616243, 230615 ] , 
[785000, -1433821, 523261 ] , 
[786868, -442321, 408713 ] , 
[788679, -197841, 380163 ] , 
[792458, -616407, 650454 ] , 
[794047, -47914, 101485 ] , 
[798601, -1401928, 447885 ] , 
[804450, 1230316, 90760 ] , 
[806503, -1054912, 673865 ] , 
[807130, 92776, 63277 ] , 
[807361, -667899, 160553 ] , 
[810654, 1463635, 1227 ] , 
[811785, 230917, 43475 ] , 
[812134, -454803, 176042 ] , 
[826071, -663130, 112950 ] , 
[827015, 1355949, 721590 ] , 
[829630, 1084891, 743744 ] , 
[833489, -846377, 182688 ] , 
[833665, 1059567, 342967 ] , 
[834404, 749266, 75731 ] , 
[842904, 597087, 113901 ] , 
[845950, 879014, 244570 ] , 
[846047, 1434207, 207336 ] , 
[847498, -160322, 570561 ] , 
[849465, -235164, 635131 ] , 
[849607, 1176151, 542075 ] , 
[849999, -368716, 221464 ] , 
[850561, -603393, 122109 ] , 
[850984, 823482, 786945 ] , 
[851424, -906943, 491174 ] , 
[859472, 1454117, 124563 ] , 
[862059, 1041372, 237112 ] , 
[862131, -667824, 331342 ] , 
[863037, -1449396, 347403 ] , 
[868105, -8816, 30122 ] , 
[872501, 1281952, 780804 ] , 
[875012, -1300465, 529110 ] , 
[875036, -459110, 124855 ] , 
[876960, 1348117, 168732 ] , 
[879678, 1127686, 304855 ] , 
[881980, 1144848, 166809 ] , 
[885799, -1291065, 681478 ] , 
[888950, 1239851, 45112 ] , 
[889962, 930586, 169053 ] , 
[891857, -1336398, 352045 ] , 
[894411, 1492351, 318143 ] , 
[896399, 692262, 467274 ] , 
[902301, 1448087, 245957 ] , 
[905318, -504740, 893610 ] , 
[909484, 1294001, 873992 ] , 
[911654, 1328630, 659086 ] , 
[914468, 851323, 172253 ] , 
[914604, 496714, 121940 ] , 
[915695, 942555, 558621 ] , 
[916098, -240184, 80656 ] , 
[916370, 1400271, 23763 ] , 
[918983, -99133, 116026 ] , 
[922214, 639540, 509295 ] , 
[924096, 348358, 216898 ] , 
[926325, 812665, 124834 ] , 
[927080, 459259, 123027 ] , 
[927766, -691786, 499053 ] , 
[930954, 1477831, 530125 ] , 
[934204, -609723, 59795 ] , 
[935431, 1447887, 483384 ] , 
[937760, 453274, 387481 ] , 
[937991, -1320492, 225957 ] , 
[938777, 156472, 121547 ] , 
[945426, -1131905, 469441 ] , 
[947757, -383954, 942824 ] , 
[948012, -902675, 945543 ] , 
[951048, 654963, 185372 ] , 
[956409, 265278, 116525 ] , 
[956662, 1051743, 146281 ] , 
[959580, 263145, 211203 ] , 
[962902, -1242921, 908191 ] , 
[964545, -1485541, 901677 ] , 
[968294, 1341611, 942782 ] , 
[970764, 820656, 206892 ] , 
[972428, -831344, 273367 ] , 
[987506, -1328937, 552946 ] , 
[989701, 577730, 513318 ] , 
[991660, 912903, 120937 ] , 
[996977, -679389, 319336 ] , 
[997818, -520692, 420465 ] , 
[998232, 1492608, 622292 ] , 
[998599, -313308, 678994 ] , 
[1000210, 594199, 424766 ] , 
[1000625, -70966, 410334 ] , 
[1001955, 1245918, 740024 ] , 
[1002992, -77761, 794845 ] , 
[1004130, -684309, 883298 ] , 
[1010230, -1479343, 595563 ] , 
[1014778, 1304731, 121459 ] , 
[1018043, -638127, 957307 ] , 
[1018525, -84544, 90116 ] , 
[1020840, 1024793, 892635 ] , 
[1021042, -1434945, 609405 ] , 
[1022231, -1110553, 84513 ] , 
[1022932, 1230203, 548799 ] , 
[1032137, -1464032, 853955 ] , 
[1035802, 892684, 668363 ] , 
[1039203, 1127504, 929856 ] , 
[1042244, 1144546, 578182 ] , 
[1043250, -1110794, 168923 ] , 
[1044896, 1333053, 615044 ] , 
[1045149, 1316573, 780654 ] , 
[1045218, 1094933, 338324 ] , 
[1047575, -74449, 765208 ] , 
[1052501, 179930, 165806 ] , 
[1052599, 653762, 4769 ] , 
[1054788, 967770, 341880 ] , 
[1056293, 1173060, 220712 ] , 
[1057049, 820633, 249533 ] , 
[1058692, -236023, 564457 ] , 
[1060017, -1381551, 104790 ] , 
[1066362, -76168, 710664 ] , 
[1069448, -716450, 995482 ] , 
[1078946, -475694, 247212 ] , 
[1079459, -494003, 494813 ] , 
[1087941, -1294837, 1048340 ] , 
[1088503, 1289610, 653399 ] , 
[1089165, -755886, 295458 ] , 
[1093549, 1080611, 874178 ] , 
[1093844, 746213, 626444 ] , 
[1094661, 1424291, 1092977 ] , 
[1096893, 1339142, 950925 ] , 
[1097309, -1080655, 240675 ] , 
[1098860, 1494378, 94853 ] , 
[1099655, 1048792, 596735 ] , 
[1101328, 981204, 584754 ] , 
[1102551, -1033607, 619958 ] , 
[1103849, -433966, 694784 ] , 
[1104790, -466277, 238198 ] , 
[1106233, 935966, 653565 ] , 
[1107233, 499650, 127884 ] , 
[1107504, -1258786, 120582 ] , 
[1108887, -991900, 268350 ] , 
[1112727, -664487, 810743 ] , 
[1114380, -1023372, 484554 ] , 
[1114509, -59892, 330875 ] , 
[1119822, -174164, 799365 ] , 
[1120461, -589273, 688897 ] , 
[1122259, 1187675, 83050 ] , 
[1122762, -1408429, 1108519 ] , 
[1126199, -434905, 153666 ] , 
[1128795, 1296151, 101428 ] , 
[1129917, -561835, 527427 ] , 
[1130813, 291242, 290715 ] , 
[1138191, 742508, 475946 ] , 
[1138302, 525075, 414391 ] , 
[1140289, 922569, 815060 ] , 
[1140492, -48772, 607483 ] , 
[1143702, 1285840, 926287 ] , 
[1146110, 1217875, 917218 ] , 
[1146196, -1358055, 379131 ] , 
[1146393, -278869, 367791 ] , 
[1146513, -255986, 844138 ] , 
[1146743, -459863, 1064604 ] , 
[1148974, -1343406, 56469 ] , 
[1149027, 1415483, 293906 ] , 
[1149856, -1363194, 442833 ] , 
[1151318, -665045, 962427 ] , 
[1151487, 1056196, 723857 ] , 
[1152720, -101611, 526466 ] , 
[1152859, -287049, 479221 ] , 
[1153375, 956047, 491035 ] , 
[1154636, 977708, 876703 ] , 
[1156950, 848883, 365605 ] , 
[1157708, -598191, 701777 ] , 
[1159114, -666940, 325723 ] , 
[1161671, -304350, 101764 ] , 
[1166333, 922205, 868753 ] , 
[1173477, 540369, 225825 ] , 
[1175006, 1308384, 847543 ] , 
[1175402, 933253, 633793 ] , 
[1175649, 1456828, 1107332 ] , 
[1177590, 892591, 700721 ] , 
[1180076, -1359628, 410348 ] , 
[1180506, -972673, 196740 ] , 
[1184603, 521219, 298448 ] , 
[1185025, 362522, 280796 ] , 
[1186001, 1441405, 797441 ] , 
[1190367, -276754, 90043 ] , 
[1193318, 911965, 562970 ] , 
[1196964, -754955, 1059653 ] , 
[1198264, -136029, 299677 ] , 
[1203490, 1320595, 1023274 ] , 
[1203639, -474400, 155418 ] , 
[1204131, -989347, 1025078 ] , 
[1205568, 457699, 278847 ] , 
[1206348, -930060, 505306 ] , 
[1206995, -625565, 611670 ] , 
[1207845, -1105541, 892455 ] , 
[1208053, 723334, 263886 ] , 
[1210823, -289284, 231531 ] , 
[1216229, 374672, 108417 ] , 
[1216501, -75257, 733620 ] , 
[1217736, -907137, 170055 ] , 
[1218070, -316485, 1119478 ] , 
[1219136, -358554, 931686 ] , 
[1220546, -538486, 821009 ] , 
[1220632, -25782, 89526 ] , 
[1222333, 690005, 276734 ] , 
[1226400, -1006344, 308968 ] , 
[1228248, -1487387, 719393 ] , 
[1228553, -479091, 995586 ] , 
[1233025, 635848, 577547 ] , 
[1235123, -446195, 360747 ] , 
[1236737, -616292, 994007 ] , 
[1239109, -883372, 452708 ] , 
[1242489, 768270, 547365 ] , 
[1243498, 1161951, 951785 ] , 
[1245202, 1270001, 1204583 ] , 
[1247289, -353382, 757928 ] , 
[1250046, -627548, 621455 ] , 
[1251914, 590087, 337137 ] , 
[1255649, 773824, 602555 ] , 
[1259244, 1253051, 160007 ] , 
[1260741, -675241, 269780 ] , 
[1265146, 1090800, 359471 ] , 
[1268704, -282572, 722808 ] , 
[1270042, 813415, 638417 ] , 
[1271055, -567819, 479436 ] , 
[1273722, 1278314, 274118 ] , 
[1275255, -1192927, 392350 ] , 
[1277599, 1200289, 1108901 ] , 
[1277987, 305833, 214891 ] , 
[1278402, 627732, 73750 ] , 
[1281179, -34321, 783065 ] , 
[1281813, 1200133, 748918 ] , 
[1287391, -518113, 1149993 ] , 
[1290228, -19587, 652857 ] , 
[1290587, 1211920, 1146306 ] , 
[1290992, -1262283, 546538 ] , 
[1291526, -1078951, 1146932 ] , 
[1291619, -575781, 1031866 ] , 
[1294309, -1351948, 501223 ] , 
[1294333, -755194, 1171401 ] , 
[1296195, 1152858, 389143 ] , 
[1301082, 630940, 87730 ] , 
[1303061, -1174758, 416029 ] , 
[1303638, 959751, 1615 ] , 
[1305111, -649695, 841074 ] , 
[1306167, -49596, 494005 ] , 
[1308194, -665472, 520857 ] , 
[1311178, -327743, 989442 ] , 
[1312051, -1288907, 613916 ] , 
[1312272, -274747, 477860 ] , 
[1319872, -769011, 172743 ] , 
[1320005, 930102, 486744 ] , 
[1320883, -793746, 26411 ] , 
[1323007, 818426, 186384 ] , 
[1323460, -887388, 218187 ] , 
[1323645, -442899, 1216615 ] , 
[1325283, -262507, 110881 ] , 
[1325286, -1125901, 417088 ] , 
[1326421, -523253, 517250 ] , 
[1334751, -914858, 996727 ] , 
[1335074, 302937, 102628 ] , 
[1336862, -1333222, 366509 ] , 
[1337855, 817878, 429282 ] , 
[1341058, -1215284, 1311986 ] , 
[1341758, 845646, 785733 ] , 
[1347564, -508312, 851241 ] , 
[1348730, -1453677, 498319 ] , 
[1349339, -1239496, 1289445 ] , 
[1351381, -1390626, 7849 ] , 
[1351595, -635272, 439883 ] , 
[1355963, -1407178, 633107 ] , 
[1356843, 977705, 502840 ] , 
[1357681, -899876, 1259917 ] , 
[1360352, -1002623, 222996 ] , 
[1360376, -200270, 645745 ] , 
[1362001, 1199860, 1095388 ] , 
[1366047, -23114, 959802 ] , 
[1367427, -129562, 776965 ] , 
[1369740, -1217558, 429698 ] , 
[1372883, -112770, 396786 ] , 
[1379205, -554717, 1244794 ] , 
[1382631, 1136048, 136718 ] , 
[1382675, 1134176, 341460 ] , 
[1384781, 1423326, 156516 ] , 
[1387241, 1430437, 1323818 ] , 
[1387645, 1499148, 1216385 ] , 
[1390801, 1029052, 73243 ] , 
[1391734, -1317270, 1057003 ] , 
[1394124, 660552, 576544 ] , 
[1395931, -466420, 859998 ] , 
[1396357, 526117, 133115 ] , 
[1397055, -635916, 304860 ] , 
[1397212, -1260811, 683012 ] , 
[1402313, -312373, 929352 ] , 
[1402507, 594108, 546384 ] , 
[1403251, 294800, 188186 ] , 
[1404496, 1305271, 1255108 ] , 
[1407345, 215528, 198498 ] , 
[1407391, -683979, 10304 ] , 
[1409707, -1434717, 1118104 ] , 
[1413249, -816342, 813329 ] , 
[1414923, 1384507, 714164 ] , 
[1429833, 674285, 587716 ] , 
[1430133, 1146105, 398582 ] , 
[1430452, -1341072, 889505 ] , 
[1430522, -727930, 13790 ] , 
[1431458, 1152864, 1067804 ] , 
[1431462, 1167524, 491258 ] , 
[1433087, -553415, 1176515 ] , 
[1437223, -550661, 932432 ] , 
[1438758, 939398, 44011 ] , 
[1440022, -187561, 1159892 ] , 
[1440999, -1222028, 632068 ] , 
[1445512, -1407235, 437638 ] , 
[1445588, -82928, 670326 ] , 
[1447230, -94696, 1027049 ] , 
[1447989, 1082635, 480678 ] , 
[1448050, -994229, 414034 ] , 
[1451742, 1395729, 1007505 ] , 
[1453192, 1224378, 971312 ] , 
[1453840, -1362757, 1268740 ] , 
[1454731, 276998, 213519 ] , 
[1457176, -409089, 990629 ] , 
[1458939, -1423644, 1252631 ] , 
[1459072, 945362, 938162 ] , 
[1460508, -508543, 563755 ] , 
[1460868, 1151746, 676575 ] , 
[1463719, 1493356, 539161 ] , 
[1465133, 492831, 5033 ] , 
[1465774, -840892, 758669 ] , 
[1466524, 975860, 404253 ] , 
[1466901, 1333300, 245053 ] , 
[1473974, -369977, 589655 ] , 
[1474397, -1184549, 1229606 ] , 
[1474665, 1190734, 121141 ] , 
[1481653, -993496, 820077 ] , 
[1482789, -779351, 1449351 ] , 
[1484809, 1049986, 645390 ] , 
[1485672, 293190, 5019 ] , 
[1488909, -207659, 1407237 ] , 
[1489679, -1334077, 289925 ] , 
[1490337, -638558, 1196966 ] , 
[1491779, 1298690, 1146203 ] , 
[1493384, 235571, 225776 ] , 
[1498415, 1187353, 1077616 ] , 
[1499383, 1123159, 697822 ] , 

		-> := 
( [-1309637, -1350501, 1074894 ] -> [-1309636, -1350501, 1074894 ] )  , 
( [-1309637, -1350501, 1074894 ] -> [-1309636, -1309637, 1074894 ] )  , 
( [-1309637, -1350501, 1074894 ] -> [-1309537, -1350501, 1074894 ] )  , 
( [-1309637, -1350501, 1074894 ] -> [-1309537, -1309538, 1074894 ] )  , 
( [-1298328, -528835, -324991 ] -> [-1298327, -528835, -324991 ] )  , 
( [-1298328, -528835, -324991 ] -> [-1298327, -1298328, -324991 ] )  , 
( [-1298328, -528835, -324991 ] -> [-1298228, -528835, -324991 ] )  , 
( [-1298328, -528835, -324991 ] -> [-1298228, -1298229, -324991 ] )  , 
( [-1185009, -1282081, -979443 ] -> [-1185008, -1282081, -979443 ] )  , 
( [-1185009, -1282081, -979443 ] -> [-1185008, -1185009, -979443 ] )  , 
( [-1185009, -1282081, -979443 ] -> [-1184909, -1282081, -979443 ] )  , 
( [-1185009, -1282081, -979443 ] -> [-1184909, -1184910, -979443 ] )  , 
( [-62198, 1105675, 270893 ] -> [-62197, 1105675, 270893 ] )  , 
( [-62198, 1105675, 270893 ] -> [-62197, -62198, 270893 ] )  , 
( [-62198, 1105675, 270893 ] -> [-62098, 1105675, 270893 ] )  , 
( [-62198, 1105675, 270893 ] -> [-62098, -62099, 270893 ] )  , 
( [-163318, -372059, 1287951 ] -> [-163317, -372059, 1287951 ] )  , 
( [-163318, -372059, 1287951 ] -> [-163317, -163318, 1287951 ] )  , 
( [-163318, -372059, 1287951 ] -> [-163218, -372059, 1287951 ] )  , 
( [-163318, -372059, 1287951 ] -> [-163218, -163219, 1287951 ] )  , 
( [-114850, -457326, 1486470 ] -> [-114849, -457326, 1486470 ] )  , 
( [-114850, -457326, 1486470 ] -> [-114849, -114850, 1486470 ] )  , 
( [-114850, -457326, 1486470 ] -> [-114750, -457326, 1486470 ] )  , 
( [-114850, -457326, 1486470 ] -> [-114750, -114751, 1486470 ] )  , 
( [501131, 358019, 549661 ] -> [501132, 358019, 549661 ] )  , 
( [501131, 358019, 549661 ] -> [501132, 501131, 549661 ] )  , 
( [501131, 358019, 549661 ] -> [501231, 358019, 549661 ] )  , 
( [501131, 358019, 549661 ] -> [501231, 501230, 549661 ] )  , 
( [-172178, -974741, 1397394 ] -> [-172177, -974741, 1397394 ] )  , 
( [-172178, -974741, 1397394 ] -> [-172177, -172178, 1397394 ] )  , 
( [-172178, -974741, 1397394 ] -> [-172078, -974741, 1397394 ] )  , 
( [-172178, -974741, 1397394 ] -> [-172078, -172079, 1397394 ] )  , 
( [-1432090, 106454, -34682 ] -> [-1432089, 106454, -34682 ] )  , 
( [-1432090, 106454, -34682 ] -> [-1432089, -1432090, -34682 ] )  , 
( [-1432090, 106454, -34682 ] -> [-1431990, 106454, -34682 ] )  , 
( [-1432090, 106454, -34682 ] -> [-1431990, -1431991, -34682 ] )  , 
( [644244, 1388587, 777651 ] -> [644245, 1388587, 777651 ] )  , 
( [644244, 1388587, 777651 ] -> [644245, 644244, 777651 ] )  , 
( [644244, 1388587, 777651 ] -> [644344, 1388587, 777651 ] )  , 
( [644244, 1388587, 777651 ] -> [644344, 644343, 777651 ] )  , 
( [-1112933, 1375282, 1420748 ] -> [-1112932, 1375282, 1420748 ] )  , 
( [-1112933, 1375282, 1420748 ] -> [-1112932, -1112933, 1420748 ] )  , 
( [-1112933, 1375282, 1420748 ] -> [-1112833, 1375282, 1420748 ] )  , 
( [-1112933, 1375282, 1420748 ] -> [-1112833, -1112834, 1420748 ] )  , 
( [-52985, -637254, 754074 ] -> [-52984, -637254, 754074 ] )  , 
( [-52985, -637254, 754074 ] -> [-52984, -52985, 754074 ] )  , 
( [-52985, -637254, 754074 ] -> [-52885, -637254, 754074 ] )  , 
( [-52985, -637254, 754074 ] -> [-52885, -52886, 754074 ] )  , 
( [158666, 1280206, 302567 ] -> [158667, 1280206, 302567 ] )  , 
( [158666, 1280206, 302567 ] -> [158667, 158666, 302567 ] )  , 
( [158666, 1280206, 302567 ] -> [158766, 1280206, 302567 ] )  , 
( [158666, 1280206, 302567 ] -> [158766, 158765, 302567 ] )  , 
( [-892344, -711031, 1445308 ] -> [-892343, -711031, 1445308 ] )  , 
( [-892344, -711031, 1445308 ] -> [-892343, -892344, 1445308 ] )  , 
( [-892344, -711031, 1445308 ] -> [-892244, -711031, 1445308 ] )  , 
( [-892344, -711031, 1445308 ] -> [-892244, -892245, 1445308 ] )  , 
( [-1311095, -621601, 540027 ] -> [-1311094, -621601, 540027 ] )  , 
( [-1311095, -621601, 540027 ] -> [-1311094, -1311095, 540027 ] )  , 
( [-1311095, -621601, 540027 ] -> [-1310995, -621601, 540027 ] )  , 
( [-1311095, -621601, 540027 ] -> [-1310995, -1310996, 540027 ] )  , 
( [-717817, -540709, -260384 ] -> [-717816, -540709, -260384 ] )  , 
( [-717817, -540709, -260384 ] -> [-717816, -717817, -260384 ] )  , 
( [-717817, -540709, -260384 ] -> [-717717, -540709, -260384 ] )  , 
( [-717817, -540709, -260384 ] -> [-717717, -717718, -260384 ] )  , 
( [-1417387, 459955, 1411693 ] -> [-1417386, 459955, 1411693 ] )  , 
( [-1417387, 459955, 1411693 ] -> [-1417386, -1417387, 1411693 ] )  , 
( [-1417387, 459955, 1411693 ] -> [-1417287, 459955, 1411693 ] )  , 
( [-1417387, 459955, 1411693 ] -> [-1417287, -1417288, 1411693 ] )  , 
( [-1292637, 388229, -1239322 ] -> [-1292636, 388229, -1239322 ] )  , 
( [-1292637, 388229, -1239322 ] -> [-1292636, -1292637, -1239322 ] )  , 
( [-1292637, 388229, -1239322 ] -> [-1292537, 388229, -1239322 ] )  , 
( [-1292637, 388229, -1239322 ] -> [-1292537, -1292538, -1239322 ] )  , 
( [-408545, 754429, 477028 ] -> [-408544, 754429, 477028 ] )  , 
( [-408545, 754429, 477028 ] -> [-408544, -408545, 477028 ] )  , 
( [-408545, 754429, 477028 ] -> [-408445, 754429, 477028 ] )  , 
( [-408545, 754429, 477028 ] -> [-408445, -408446, 477028 ] )  , 
( [-1046724, -290777, -397060 ] -> [-1046723, -290777, -397060 ] )  , 
( [-1046724, -290777, -397060 ] -> [-1046723, -1046724, -397060 ] )  , 
( [-1046724, -290777, -397060 ] -> [-1046624, -290777, -397060 ] )  , 
( [-1046724, -290777, -397060 ] -> [-1046624, -1046625, -397060 ] )  , 
( [-194219, -1132694, 523110 ] -> [-194218, -1132694, 523110 ] )  , 
( [-194219, -1132694, 523110 ] -> [-194218, -194219, 523110 ] )  , 
( [-194219, -1132694, 523110 ] -> [-194119, -1132694, 523110 ] )  , 
( [-194219, -1132694, 523110 ] -> [-194119, -194120, 523110 ] )  , 
( [-881007, -868862, 1406917 ] -> [-881006, -868862, 1406917 ] )  , 
( [-881007, -868862, 1406917 ] -> [-881006, -881007, 1406917 ] )  , 
( [-881007, -868862, 1406917 ] -> [-880907, -868862, 1406917 ] )  , 
( [-881007, -868862, 1406917 ] -> [-880907, -880908, 1406917 ] )  , 
( [-1291241, -1161454, 216993 ] -> [-1291240, -1161454, 216993 ] )  , 
( [-1291241, -1161454, 216993 ] -> [-1291240, -1291241, 216993 ] )  , 
( [-1291241, -1161454, 216993 ] -> [-1291141, -1161454, 216993 ] )  , 
( [-1291241, -1161454, 216993 ] -> [-1291141, -1291142, 216993 ] )  , 
( [-1064652, -87929, 1365532 ] -> [-1064651, -87929, 1365532 ] )  , 
( [-1064652, -87929, 1365532 ] -> [-1064651, -1064652, 1365532 ] )  , 
( [-1064652, -87929, 1365532 ] -> [-1064552, -87929, 1365532 ] )  , 
( [-1064652, -87929, 1365532 ] -> [-1064552, -1064553, 1365532 ] )  , 
( [-92877, -841893, 566084 ] -> [-92876, -841893, 566084 ] )  , 
( [-92877, -841893, 566084 ] -> [-92876, -92877, 566084 ] )  , 
( [-92877, -841893, 566084 ] -> [-92777, -841893, 566084 ] )  , 
( [-92877, -841893, 566084 ] -> [-92777, -92778, 566084 ] )  , 
( [-470681, -141053, 1259536 ] -> [-470680, -141053, 1259536 ] )  , 
( [-470681, -141053, 1259536 ] -> [-470680, -470681, 1259536 ] )  , 
( [-470681, -141053, 1259536 ] -> [-470581, -141053, 1259536 ] )  , 
( [-470681, -141053, 1259536 ] -> [-470581, -470582, 1259536 ] )  , 
( [-1009354, 376809, 764003 ] -> [-1009353, 376809, 764003 ] )  , 
( [-1009354, 376809, 764003 ] -> [-1009353, -1009354, 764003 ] )  , 
( [-1009354, 376809, 764003 ] -> [-1009254, 376809, 764003 ] )  , 
( [-1009354, 376809, 764003 ] -> [-1009254, -1009255, 764003 ] )  , 
( [-32083, -598108, 1218203 ] -> [-32082, -598108, 1218203 ] )  , 
( [-32083, -598108, 1218203 ] -> [-32082, -32083, 1218203 ] )  , 
( [-32083, -598108, 1218203 ] -> [-31983, -598108, 1218203 ] )  , 
( [-32083, -598108, 1218203 ] -> [-31983, -31984, 1218203 ] )  , 
( [-1043410, 615831, -630503 ] -> [-1043409, 615831, -630503 ] )  , 
( [-1043410, 615831, -630503 ] -> [-1043409, -1043410, -630503 ] )  , 
( [-1043410, 615831, -630503 ] -> [-1043310, 615831, -630503 ] )  , 
( [-1043410, 615831, -630503 ] -> [-1043310, -1043311, -630503 ] )  , 
( [-97013, 732598, 1398279 ] -> [-97012, 732598, 1398279 ] )  , 
( [-97013, 732598, 1398279 ] -> [-97012, -97013, 1398279 ] )  , 
( [-97013, 732598, 1398279 ] -> [-96913, 732598, 1398279 ] )  , 
( [-97013, 732598, 1398279 ] -> [-96913, -96914, 1398279 ] )  , 
( [-1134537, -842538, -224221 ] -> [-1134536, -842538, -224221 ] )  , 
( [-1134537, -842538, -224221 ] -> [-1134536, -1134537, -224221 ] )  , 
( [-1134537, -842538, -224221 ] -> [-1134437, -842538, -224221 ] )  , 
( [-1134537, -842538, -224221 ] -> [-1134437, -1134438, -224221 ] )  , 
( [-1149527, 555347, 524038 ] -> [-1149526, 555347, 524038 ] )  , 
( [-1149527, 555347, 524038 ] -> [-1149526, -1149527, 524038 ] )  , 
( [-1149527, 555347, 524038 ] -> [-1149427, 555347, 524038 ] )  , 
( [-1149527, 555347, 524038 ] -> [-1149427, -1149428, 524038 ] )  , 
( [-1023325, 370394, -193145 ] -> [-1023324, 370394, -193145 ] )  , 
( [-1023325, 370394, -193145 ] -> [-1023324, -1023325, -193145 ] )  , 
( [-1023325, 370394, -193145 ] -> [-1023225, 370394, -193145 ] )  , 
( [-1023325, 370394, -193145 ] -> [-1023225, -1023226, -193145 ] )  , 
( [-795261, -347250, -245346 ] -> [-795260, -347250, -245346 ] )  , 
( [-795261, -347250, -245346 ] -> [-795260, -795261, -245346 ] )  , 
( [-795261, -347250, -245346 ] -> [-795161, -347250, -245346 ] )  , 
( [-795261, -347250, -245346 ] -> [-795161, -795162, -245346 ] )  , 
( [-1235666, 699302, -934565 ] -> [-1235665, 699302, -934565 ] )  , 
( [-1235666, 699302, -934565 ] -> [-1235665, -1235666, -934565 ] )  , 
( [-1235666, 699302, -934565 ] -> [-1235566, 699302, -934565 ] )  , 
( [-1235666, 699302, -934565 ] -> [-1235566, -1235567, -934565 ] )  , 
( [2226, 841158, 1447256 ] -> [2227, 841158, 1447256 ] )  , 
( [2226, 841158, 1447256 ] -> [2227, 2226, 1447256 ] )  , 
( [2226, 841158, 1447256 ] -> [2326, 841158, 1447256 ] )  , 
( [2226, 841158, 1447256 ] -> [2326, 2325, 1447256 ] )  , 
( [-590942, 1397697, 562774 ] -> [-590941, 1397697, 562774 ] )  , 
( [-590942, 1397697, 562774 ] -> [-590941, -590942, 562774 ] )  , 
( [-590942, 1397697, 562774 ] -> [-590842, 1397697, 562774 ] )  , 
( [-590942, 1397697, 562774 ] -> [-590842, -590843, 562774 ] )  , 
( [-1011004, -320509, 312919 ] -> [-1011003, -320509, 312919 ] )  , 
( [-1011004, -320509, 312919 ] -> [-1011003, -1011004, 312919 ] )  , 
( [-1011004, -320509, 312919 ] -> [-1010904, -320509, 312919 ] )  , 
( [-1011004, -320509, 312919 ] -> [-1010904, -1010905, 312919 ] )  , 
( [-795368, -1232652, -639260 ] -> [-795367, -1232652, -639260 ] )  , 
( [-795368, -1232652, -639260 ] -> [-795367, -795368, -639260 ] )  , 
( [-795368, -1232652, -639260 ] -> [-795268, -1232652, -639260 ] )  , 
( [-795368, -1232652, -639260 ] -> [-795268, -795269, -639260 ] )  , 
( [-938730, 856674, 670158 ] -> [-938729, 856674, 670158 ] )  , 
( [-938730, 856674, 670158 ] -> [-938729, -938730, 670158 ] )  , 
( [-938730, 856674, 670158 ] -> [-938630, 856674, 670158 ] )  , 
( [-938730, 856674, 670158 ] -> [-938630, -938631, 670158 ] )  , 
( [-1176217, 661262, 249557 ] -> [-1176216, 661262, 249557 ] )  , 
( [-1176217, 661262, 249557 ] -> [-1176216, -1176217, 249557 ] )  , 
( [-1176217, 661262, 249557 ] -> [-1176117, 661262, 249557 ] )  , 
( [-1176217, 661262, 249557 ] -> [-1176117, -1176118, 249557 ] )  , 
( [-1367148, -152492, 740693 ] -> [-1367147, -152492, 740693 ] )  , 
( [-1367148, -152492, 740693 ] -> [-1367147, -1367148, 740693 ] )  , 
( [-1367148, -152492, 740693 ] -> [-1367048, -152492, 740693 ] )  , 
( [-1367148, -152492, 740693 ] -> [-1367048, -1367049, 740693 ] )  , 
( [-1007843, -629129, 1082615 ] -> [-1007842, -629129, 1082615 ] )  , 
( [-1007843, -629129, 1082615 ] -> [-1007842, -1007843, 1082615 ] )  , 
( [-1007843, -629129, 1082615 ] -> [-1007743, -629129, 1082615 ] )  , 
( [-1007843, -629129, 1082615 ] -> [-1007743, -1007744, 1082615 ] )  , 
( [-194611, -1333853, 1287296 ] -> [-194610, -1333853, 1287296 ] )  , 
( [-194611, -1333853, 1287296 ] -> [-194610, -194611, 1287296 ] )  , 
( [-194611, -1333853, 1287296 ] -> [-194511, -1333853, 1287296 ] )  , 
( [-194611, -1333853, 1287296 ] -> [-194511, -194512, 1287296 ] )  , 
( [-1107416, 1466616, -384271 ] -> [-1107415, 1466616, -384271 ] )  , 
( [-1107416, 1466616, -384271 ] -> [-1107415, -1107416, -384271 ] )  , 
( [-1107416, 1466616, -384271 ] -> [-1107316, 1466616, -384271 ] )  , 
( [-1107416, 1466616, -384271 ] -> [-1107316, -1107317, -384271 ] )  , 
( [-1477695, 577807, -1205714 ] -> [-1477694, 577807, -1205714 ] )  , 
( [-1477695, 577807, -1205714 ] -> [-1477694, -1477695, -1205714 ] )  , 
( [-1477695, 577807, -1205714 ] -> [-1477595, 577807, -1205714 ] )  , 
( [-1477695, 577807, -1205714 ] -> [-1477595, -1477596, -1205714 ] )  , 
( [773484, -201543, 828058 ] -> [773485, -201543, 828058 ] )  , 
( [773484, -201543, 828058 ] -> [773485, 773484, 828058 ] )  , 
( [773484, -201543, 828058 ] -> [773584, -201543, 828058 ] )  , 
( [773484, -201543, 828058 ] -> [773584, 773583, 828058 ] )  , 
( [313063, -944189, 809046 ] -> [313064, -944189, 809046 ] )  , 
( [313063, -944189, 809046 ] -> [313064, 313063, 809046 ] )  , 
( [313063, -944189, 809046 ] -> [313163, -944189, 809046 ] )  , 
( [313063, -944189, 809046 ] -> [313163, 313162, 809046 ] )  , 
( [-885954, -1130937, 607221 ] -> [-885953, -1130937, 607221 ] )  , 
( [-885954, -1130937, 607221 ] -> [-885953, -885954, 607221 ] )  , 
( [-885954, -1130937, 607221 ] -> [-885854, -1130937, 607221 ] )  , 
( [-885954, -1130937, 607221 ] -> [-885854, -885855, 607221 ] )  , 
( [-131812, -497426, 431264 ] -> [-131811, -497426, 431264 ] )  , 
( [-131812, -497426, 431264 ] -> [-131811, -131812, 431264 ] )  , 
( [-131812, -497426, 431264 ] -> [-131712, -497426, 431264 ] )  , 
( [-131812, -497426, 431264 ] -> [-131712, -131713, 431264 ] )  , 
( [-317193, 29567, 473905 ] -> [-317192, 29567, 473905 ] )  , 
( [-317193, 29567, 473905 ] -> [-317192, -317193, 473905 ] )  , 
( [-317193, 29567, 473905 ] -> [-317093, 29567, 473905 ] )  , 
( [-317193, 29567, 473905 ] -> [-317093, -317094, 473905 ] )  , 
( [-604637, 269003, -225920 ] -> [-604636, 269003, -225920 ] )  , 
( [-604637, 269003, -225920 ] -> [-604636, -604637, -225920 ] )  , 
( [-604637, 269003, -225920 ] -> [-604537, 269003, -225920 ] )  , 
( [-604637, 269003, -225920 ] -> [-604537, -604538, -225920 ] )  , 
( [-505473, -496945, -420214 ] -> [-505472, -496945, -420214 ] )  , 
( [-505473, -496945, -420214 ] -> [-505472, -505473, -420214 ] )  , 
( [-505473, -496945, -420214 ] -> [-505373, -496945, -420214 ] )  , 
( [-505473, -496945, -420214 ] -> [-505373, -505374, -420214 ] )  , 
( [-73901, -767652, 1227320 ] -> [-73900, -767652, 1227320 ] )  , 
( [-73901, -767652, 1227320 ] -> [-73900, -73901, 1227320 ] )  , 
( [-73901, -767652, 1227320 ] -> [-73801, -767652, 1227320 ] )  , 
( [-73901, -767652, 1227320 ] -> [-73801, -73802, 1227320 ] )  , 
( [-1053822, -1037691, -105679 ] -> [-1053821, -1037691, -105679 ] )  , 
( [-1053822, -1037691, -105679 ] -> [-1053821, -1053822, -105679 ] )  , 
( [-1053822, -1037691, -105679 ] -> [-1053722, -1037691, -105679 ] )  , 
( [-1053822, -1037691, -105679 ] -> [-1053722, -1053723, -105679 ] )  , 
( [-1466020, 214620, -1275141 ] -> [-1466019, 214620, -1275141 ] )  , 
( [-1466020, 214620, -1275141 ] -> [-1466019, -1466020, -1275141 ] )  , 
( [-1466020, 214620, -1275141 ] -> [-1465920, 214620, -1275141 ] )  , 
( [-1466020, 214620, -1275141 ] -> [-1465920, -1465921, -1275141 ] )  , 
( [-1346733, -766254, -1300125 ] -> [-1346732, -766254, -1300125 ] )  , 
( [-1346733, -766254, -1300125 ] -> [-1346732, -1346733, -1300125 ] )  , 
( [-1346733, -766254, -1300125 ] -> [-1346633, -766254, -1300125 ] )  , 
( [-1346733, -766254, -1300125 ] -> [-1346633, -1346634, -1300125 ] )  , 
( [-1273580, -1323457, -1234833 ] -> [-1273579, -1323457, -1234833 ] )  , 
( [-1273580, -1323457, -1234833 ] -> [-1273579, -1273580, -1234833 ] )  , 
( [-1273580, -1323457, -1234833 ] -> [-1273480, -1323457, -1234833 ] )  , 
( [-1273580, -1323457, -1234833 ] -> [-1273480, -1273481, -1234833 ] )  , 
( [-889146, 836704, 371818 ] -> [-889145, 836704, 371818 ] )  , 
( [-889146, 836704, 371818 ] -> [-889145, -889146, 371818 ] )  , 
( [-889146, 836704, 371818 ] -> [-889046, 836704, 371818 ] )  , 
( [-889146, 836704, 371818 ] -> [-889046, -889047, 371818 ] )  , 
( [295884, -1332777, 1338065 ] -> [295885, -1332777, 1338065 ] )  , 
( [295884, -1332777, 1338065 ] -> [295885, 295884, 1338065 ] )  , 
( [295884, -1332777, 1338065 ] -> [295984, -1332777, 1338065 ] )  , 
( [295884, -1332777, 1338065 ] -> [295984, 295983, 1338065 ] )  , 
( [-630729, -1461119, 1060496 ] -> [-630728, -1461119, 1060496 ] )  , 
( [-630729, -1461119, 1060496 ] -> [-630728, -630729, 1060496 ] )  , 
( [-630729, -1461119, 1060496 ] -> [-630629, -1461119, 1060496 ] )  , 
( [-630729, -1461119, 1060496 ] -> [-630629, -630630, 1060496 ] )  , 
( [-1294475, -357344, -248915 ] -> [-1294474, -357344, -248915 ] )  , 
( [-1294475, -357344, -248915 ] -> [-1294474, -1294475, -248915 ] )  , 
( [-1294475, -357344, -248915 ] -> [-1294375, -357344, -248915 ] )  , 
( [-1294475, -357344, -248915 ] -> [-1294375, -1294376, -248915 ] )  , 
( [-486717, 829831, 671194 ] -> [-486716, 829831, 671194 ] )  , 
( [-486717, 829831, 671194 ] -> [-486716, -486717, 671194 ] )  , 
( [-486717, 829831, 671194 ] -> [-486617, 829831, 671194 ] )  , 
( [-486717, 829831, 671194 ] -> [-486617, -486618, 671194 ] )  , 
( [-1110582, 542657, -89873 ] -> [-1110581, 542657, -89873 ] )  , 
( [-1110582, 542657, -89873 ] -> [-1110581, -1110582, -89873 ] )  , 
( [-1110582, 542657, -89873 ] -> [-1110482, 542657, -89873 ] )  , 
( [-1110582, 542657, -89873 ] -> [-1110482, -1110483, -89873 ] )  , 
( [-740752, 433345, 1148100 ] -> [-740751, 433345, 1148100 ] )  , 
( [-740752, 433345, 1148100 ] -> [-740751, -740752, 1148100 ] )  , 
( [-740752, 433345, 1148100 ] -> [-740652, 433345, 1148100 ] )  , 
( [-740752, 433345, 1148100 ] -> [-740652, -740653, 1148100 ] )  , 
( [-635679, -375947, 420064 ] -> [-635678, -375947, 420064 ] )  , 
( [-635679, -375947, 420064 ] -> [-635678, -635679, 420064 ] )  , 
( [-635679, -375947, 420064 ] -> [-635579, -375947, 420064 ] )  , 
( [-635679, -375947, 420064 ] -> [-635579, -635580, 420064 ] )  , 
( [-471144, -1294645, 368594 ] -> [-471143, -1294645, 368594 ] )  , 
( [-471144, -1294645, 368594 ] -> [-471143, -471144, 368594 ] )  , 
( [-471144, -1294645, 368594 ] -> [-471044, -1294645, 368594 ] )  , 
( [-471144, -1294645, 368594 ] -> [-471044, -471045, 368594 ] )  , 
( [-361603, 665338, 242109 ] -> [-361602, 665338, 242109 ] )  , 
( [-361603, 665338, 242109 ] -> [-361602, -361603, 242109 ] )  , 
( [-361603, 665338, 242109 ] -> [-361503, 665338, 242109 ] )  , 
( [-361603, 665338, 242109 ] -> [-361503, -361504, 242109 ] )  , 
( [-474140, 1299079, 1132186 ] -> [-474139, 1299079, 1132186 ] )  , 
( [-474140, 1299079, 1132186 ] -> [-474139, -474140, 1132186 ] )  , 
( [-474140, 1299079, 1132186 ] -> [-474040, 1299079, 1132186 ] )  , 
( [-474140, 1299079, 1132186 ] -> [-474040, -474041, 1132186 ] )  , 
( [-513311, 181922, 83160 ] -> [-513310, 181922, 83160 ] )  , 
( [-513311, 181922, 83160 ] -> [-513310, -513311, 83160 ] )  , 
( [-513311, 181922, 83160 ] -> [-513211, 181922, 83160 ] )  , 
( [-513311, 181922, 83160 ] -> [-513211, -513212, 83160 ] )  , 
( [-1018250, 449593, 1137524 ] -> [-1018249, 449593, 1137524 ] )  , 
( [-1018250, 449593, 1137524 ] -> [-1018249, -1018250, 1137524 ] )  , 
( [-1018250, 449593, 1137524 ] -> [-1018150, 449593, 1137524 ] )  , 
( [-1018250, 449593, 1137524 ] -> [-1018150, -1018151, 1137524 ] )  , 
( [-1358783, 241561, -373582 ] -> [-1358782, 241561, -373582 ] )  , 
( [-1358783, 241561, -373582 ] -> [-1358782, -1358783, -373582 ] )  , 
( [-1358783, 241561, -373582 ] -> [-1358683, 241561, -373582 ] )  , 
( [-1358783, 241561, -373582 ] -> [-1358683, -1358684, -373582 ] )  , 
( [-579316, 947439, -456332 ] -> [-579315, 947439, -456332 ] )  , 
( [-579316, 947439, -456332 ] -> [-579315, -579316, -456332 ] )  , 
( [-579316, 947439, -456332 ] -> [-579216, 947439, -456332 ] )  , 
( [-579316, 947439, -456332 ] -> [-579216, -579217, -456332 ] )  , 
( [931120, 1176461, 1014970 ] -> [931121, 1176461, 1014970 ] )  , 
( [931120, 1176461, 1014970 ] -> [931121, 931120, 1014970 ] )  , 
( [931120, 1176461, 1014970 ] -> [931220, 1176461, 1014970 ] )  , 
( [931120, 1176461, 1014970 ] -> [931220, 931219, 1014970 ] )  , 
( [609821, 1127841, 1308539 ] -> [609822, 1127841, 1308539 ] )  , 
( [609821, 1127841, 1308539 ] -> [609822, 609821, 1308539 ] )  , 
( [609821, 1127841, 1308539 ] -> [609921, 1127841, 1308539 ] )  , 
( [609821, 1127841, 1308539 ] -> [609921, 609920, 1308539 ] )  , 
( [-1246128, 263395, 986627 ] -> [-1246127, 263395, 986627 ] )  , 
( [-1246128, 263395, 986627 ] -> [-1246127, -1246128, 986627 ] )  , 
( [-1246128, 263395, 986627 ] -> [-1246028, 263395, 986627 ] )  , 
( [-1246128, 263395, 986627 ] -> [-1246028, -1246029, 986627 ] )  , 
( [-56326, 1286665, 398258 ] -> [-56325, 1286665, 398258 ] )  , 
( [-56326, 1286665, 398258 ] -> [-56325, -56326, 398258 ] )  , 
( [-56326, 1286665, 398258 ] -> [-56226, 1286665, 398258 ] )  , 
( [-56326, 1286665, 398258 ] -> [-56226, -56227, 398258 ] )  , 
( [-1079484, -101039, -768883 ] -> [-1079483, -101039, -768883 ] )  , 
( [-1079484, -101039, -768883 ] -> [-1079483, -1079484, -768883 ] )  , 
( [-1079484, -101039, -768883 ] -> [-1079384, -101039, -768883 ] )  , 
( [-1079484, -101039, -768883 ] -> [-1079384, -1079385, -768883 ] )  , 
( [-151385, -397654, 1026924 ] -> [-151384, -397654, 1026924 ] )  , 
( [-151385, -397654, 1026924 ] -> [-151384, -151385, 1026924 ] )  , 
( [-151385, -397654, 1026924 ] -> [-151285, -397654, 1026924 ] )  , 
( [-151385, -397654, 1026924 ] -> [-151285, -151286, 1026924 ] )  , 
( [-1319041, -1315813, 558173 ] -> [-1319040, -1315813, 558173 ] )  , 
( [-1319041, -1315813, 558173 ] -> [-1319040, -1319041, 558173 ] )  , 
( [-1319041, -1315813, 558173 ] -> [-1318941, -1315813, 558173 ] )  , 
( [-1319041, -1315813, 558173 ] -> [-1318941, -1318942, 558173 ] )  , 
( [-104506, -170710, -37646 ] -> [-104505, -170710, -37646 ] )  , 
( [-104506, -170710, -37646 ] -> [-104505, -104506, -37646 ] )  , 
( [-104506, -170710, -37646 ] -> [-104406, -170710, -37646 ] )  , 
( [-104506, -170710, -37646 ] -> [-104406, -104407, -37646 ] )  , 
( [-551949, -466187, 111229 ] -> [-551948, -466187, 111229 ] )  , 
( [-551949, -466187, 111229 ] -> [-551948, -551949, 111229 ] )  , 
( [-551949, -466187, 111229 ] -> [-551849, -466187, 111229 ] )  , 
( [-551949, -466187, 111229 ] -> [-551849, -551850, 111229 ] )  , 
( [818069, -177546, 1372869 ] -> [818070, -177546, 1372869 ] )  , 
( [818069, -177546, 1372869 ] -> [818070, 818069, 1372869 ] )  , 
( [818069, -177546, 1372869 ] -> [818169, -177546, 1372869 ] )  , 
( [818069, -177546, 1372869 ] -> [818169, 818168, 1372869 ] )  , 
( [-792614, 830487, 1356959 ] -> [-792613, 830487, 1356959 ] )  , 
( [-792614, 830487, 1356959 ] -> [-792613, -792614, 1356959 ] )  , 
( [-792614, 830487, 1356959 ] -> [-792514, 830487, 1356959 ] )  , 
( [-792614, 830487, 1356959 ] -> [-792514, -792515, 1356959 ] )  , 
( [-1179621, -99985, -283585 ] -> [-1179620, -99985, -283585 ] )  , 
( [-1179621, -99985, -283585 ] -> [-1179620, -1179621, -283585 ] )  , 
( [-1179621, -99985, -283585 ] -> [-1179521, -99985, -283585 ] )  , 
( [-1179621, -99985, -283585 ] -> [-1179521, -1179522, -283585 ] )  , 
( [-10807, -1470989, 1458311 ] -> [-10806, -1470989, 1458311 ] )  , 
( [-10807, -1470989, 1458311 ] -> [-10806, -10807, 1458311 ] )  , 
( [-10807, -1470989, 1458311 ] -> [-10707, -1470989, 1458311 ] )  , 
( [-10807, -1470989, 1458311 ] -> [-10707, -10708, 1458311 ] )  , 
( [-1487519, -989240, 1001749 ] -> [-1487518, -989240, 1001749 ] )  , 
( [-1487519, -989240, 1001749 ] -> [-1487518, -1487519, 1001749 ] )  , 
( [-1487519, -989240, 1001749 ] -> [-1487419, -989240, 1001749 ] )  , 
( [-1487519, -989240, 1001749 ] -> [-1487419, -1487420, 1001749 ] )  , 
( [1143035, -441833, 1312133 ] -> [1143036, -441833, 1312133 ] )  , 
( [1143035, -441833, 1312133 ] -> [1143036, 1143035, 1312133 ] )  , 
( [1143035, -441833, 1312133 ] -> [1143135, -441833, 1312133 ] )  , 
( [1143035, -441833, 1312133 ] -> [1143135, 1143134, 1312133 ] )  , 
( [-637261, 1432646, 458789 ] -> [-637260, 1432646, 458789 ] )  , 
( [-637261, 1432646, 458789 ] -> [-637260, -637261, 458789 ] )  , 
( [-637261, 1432646, 458789 ] -> [-637161, 1432646, 458789 ] )  , 
( [-637261, 1432646, 458789 ] -> [-637161, -637162, 458789 ] )  , 
( [-1113805, -971594, 528419 ] -> [-1113804, -971594, 528419 ] )  , 
( [-1113805, -971594, 528419 ] -> [-1113804, -1113805, 528419 ] )  , 
( [-1113805, -971594, 528419 ] -> [-1113705, -971594, 528419 ] )  , 
( [-1113805, -971594, 528419 ] -> [-1113705, -1113706, 528419 ] )  , 
( [1309632, 977617, 1489089 ] -> [1309633, 977617, 1489089 ] )  , 
( [1309632, 977617, 1489089 ] -> [1309633, 1309632, 1489089 ] )  , 
( [1309632, 977617, 1489089 ] -> [1309732, 977617, 1489089 ] )  , 
( [1309632, 977617, 1489089 ] -> [1309732, 1309731, 1489089 ] )  , 
( [-927218, 1184872, -709782 ] -> [-927217, 1184872, -709782 ] )  , 
( [-927218, 1184872, -709782 ] -> [-927217, -927218, -709782 ] )  , 
( [-927218, 1184872, -709782 ] -> [-927118, 1184872, -709782 ] )  , 
( [-927218, 1184872, -709782 ] -> [-927118, -927119, -709782 ] )  , 
( [-820307, -1066738, 1441334 ] -> [-820306, -1066738, 1441334 ] )  , 
( [-820307, -1066738, 1441334 ] -> [-820306, -820307, 1441334 ] )  , 
( [-820307, -1066738, 1441334 ] -> [-820207, -1066738, 1441334 ] )  , 
( [-820307, -1066738, 1441334 ] -> [-820207, -820208, 1441334 ] )  , 
( [-181051, 1440044, 428696 ] -> [-181050, 1440044, 428696 ] )  , 
( [-181051, 1440044, 428696 ] -> [-181050, -181051, 428696 ] )  , 
( [-181051, 1440044, 428696 ] -> [-180951, 1440044, 428696 ] )  , 
( [-181051, 1440044, 428696 ] -> [-180951, -180952, 428696 ] )  , 
( [-1030088, -1120956, 390821 ] -> [-1030087, -1120956, 390821 ] )  , 
( [-1030088, -1120956, 390821 ] -> [-1030087, -1030088, 390821 ] )  , 
( [-1030088, -1120956, 390821 ] -> [-1029988, -1120956, 390821 ] )  , 
( [-1030088, -1120956, 390821 ] -> [-1029988, -1029989, 390821 ] )  , 
( [-1135209, 1320299, 1337110 ] -> [-1135208, 1320299, 1337110 ] )  , 
( [-1135209, 1320299, 1337110 ] -> [-1135208, -1135209, 1337110 ] )  , 
( [-1135209, 1320299, 1337110 ] -> [-1135109, 1320299, 1337110 ] )  , 
( [-1135209, 1320299, 1337110 ] -> [-1135109, -1135110, 1337110 ] )  , 
( [-1317654, -433857, -591173 ] -> [-1317653, -433857, -591173 ] )  , 
( [-1317654, -433857, -591173 ] -> [-1317653, -1317654, -591173 ] )  , 
( [-1317654, -433857, -591173 ] -> [-1317554, -433857, -591173 ] )  , 
( [-1317654, -433857, -591173 ] -> [-1317554, -1317555, -591173 ] )  , 
( [-1437778, -294971, 1468874 ] -> [-1437777, -294971, 1468874 ] )  , 
( [-1437778, -294971, 1468874 ] -> [-1437777, -1437778, 1468874 ] )  , 
( [-1437778, -294971, 1468874 ] -> [-1437678, -294971, 1468874 ] )  , 
( [-1437778, -294971, 1468874 ] -> [-1437678, -1437679, 1468874 ] )  , 
( [919308, 1065330, 1478970 ] -> [919309, 1065330, 1478970 ] )  , 
( [919308, 1065330, 1478970 ] -> [919309, 919308, 1478970 ] )  , 
( [919308, 1065330, 1478970 ] -> [919408, 1065330, 1478970 ] )  , 
( [919308, 1065330, 1478970 ] -> [919408, 919407, 1478970 ] )  , 
( [274122, 815547, 756855 ] -> [274123, 815547, 756855 ] )  , 
( [274122, 815547, 756855 ] -> [274123, 274122, 756855 ] )  , 
( [274122, 815547, 756855 ] -> [274222, 815547, 756855 ] )  , 
( [274122, 815547, 756855 ] -> [274222, 274221, 756855 ] )  , 
( [553413, -427545, 673843 ] -> [553414, -427545, 673843 ] )  , 
( [553413, -427545, 673843 ] -> [553414, 553413, 673843 ] )  , 
( [553413, -427545, 673843 ] -> [553513, -427545, 673843 ] )  , 
( [553413, -427545, 673843 ] -> [553513, 553512, 673843 ] )  , 
( [-1114367, 1117508, 361958 ] -> [-1114366, 1117508, 361958 ] )  , 
( [-1114367, 1117508, 361958 ] -> [-1114366, -1114367, 361958 ] )  , 
( [-1114367, 1117508, 361958 ] -> [-1114267, 1117508, 361958 ] )  , 
( [-1114367, 1117508, 361958 ] -> [-1114267, -1114268, 361958 ] )  , 
( [117097, 225895, 1424214 ] -> [117098, 225895, 1424214 ] )  , 
( [117097, 225895, 1424214 ] -> [117098, 117097, 1424214 ] )  , 
( [117097, 225895, 1424214 ] -> [117197, 225895, 1424214 ] )  , 
( [117097, 225895, 1424214 ] -> [117197, 117196, 1424214 ] )  , 
( [-1392501, -1372313, 1316392 ] -> [-1392500, -1372313, 1316392 ] )  , 
( [-1392501, -1372313, 1316392 ] -> [-1392500, -1392501, 1316392 ] )  , 
( [-1392501, -1372313, 1316392 ] -> [-1392401, -1372313, 1316392 ] )  , 
( [-1392501, -1372313, 1316392 ] -> [-1392401, -1392402, 1316392 ] )  , 
( [-166989, -1393116, 640642 ] -> [-166988, -1393116, 640642 ] )  , 
( [-166989, -1393116, 640642 ] -> [-166988, -166989, 640642 ] )  , 
( [-166989, -1393116, 640642 ] -> [-166889, -1393116, 640642 ] )  , 
( [-166989, -1393116, 640642 ] -> [-166889, -166890, 640642 ] )  , 
( [-1321766, -271904, 555747 ] -> [-1321765, -271904, 555747 ] )  , 
( [-1321766, -271904, 555747 ] -> [-1321765, -1321766, 555747 ] )  , 
( [-1321766, -271904, 555747 ] -> [-1321666, -271904, 555747 ] )  , 
( [-1321766, -271904, 555747 ] -> [-1321666, -1321667, 555747 ] )  , 
( [-166952, -1090158, 1468094 ] -> [-166951, -1090158, 1468094 ] )  , 
( [-166952, -1090158, 1468094 ] -> [-166951, -166952, 1468094 ] )  , 
( [-166952, -1090158, 1468094 ] -> [-166852, -1090158, 1468094 ] )  , 
( [-166952, -1090158, 1468094 ] -> [-166852, -166853, 1468094 ] )  , 
( [-1239666, -710059, 1425510 ] -> [-1239665, -710059, 1425510 ] )  , 
( [-1239666, -710059, 1425510 ] -> [-1239665, -1239666, 1425510 ] )  , 
( [-1239666, -710059, 1425510 ] -> [-1239566, -710059, 1425510 ] )  , 
( [-1239666, -710059, 1425510 ] -> [-1239566, -1239567, 1425510 ] )  , 
( [-440313, 483144, -118679 ] -> [-440312, 483144, -118679 ] )  , 
( [-440313, 483144, -118679 ] -> [-440312, -440313, -118679 ] )  , 
( [-440313, 483144, -118679 ] -> [-440213, 483144, -118679 ] )  , 
( [-440313, 483144, -118679 ] -> [-440213, -440214, -118679 ] )  , 
( [-1311205, -762641, -1006971 ] -> [-1311204, -762641, -1006971 ] )  , 
( [-1311205, -762641, -1006971 ] -> [-1311204, -1311205, -1006971 ] )  , 
( [-1311205, -762641, -1006971 ] -> [-1311105, -762641, -1006971 ] )  , 
( [-1311205, -762641, -1006971 ] -> [-1311105, -1311106, -1006971 ] )  , 
( [821893, 125710, 912156 ] -> [821894, 125710, 912156 ] )  , 
( [821893, 125710, 912156 ] -> [821894, 821893, 912156 ] )  , 
( [821893, 125710, 912156 ] -> [821993, 125710, 912156 ] )  , 
( [821893, 125710, 912156 ] -> [821993, 821992, 912156 ] )  , 
( [40804, 937853, 1299917 ] -> [40805, 937853, 1299917 ] )  , 
( [40804, 937853, 1299917 ] -> [40805, 40804, 1299917 ] )  , 
( [40804, 937853, 1299917 ] -> [40904, 937853, 1299917 ] )  , 
( [40804, 937853, 1299917 ] -> [40904, 40903, 1299917 ] )  , 
( [200419, -705610, 1067974 ] -> [200420, -705610, 1067974 ] )  , 
( [200419, -705610, 1067974 ] -> [200420, 200419, 1067974 ] )  , 
( [200419, -705610, 1067974 ] -> [200519, -705610, 1067974 ] )  , 
( [200419, -705610, 1067974 ] -> [200519, 200518, 1067974 ] )  , 
( [-1372840, 166571, 1037807 ] -> [-1372839, 166571, 1037807 ] )  , 
( [-1372840, 166571, 1037807 ] -> [-1372839, -1372840, 1037807 ] )  , 
( [-1372840, 166571, 1037807 ] -> [-1372740, 166571, 1037807 ] )  , 
( [-1372840, 166571, 1037807 ] -> [-1372740, -1372741, 1037807 ] )  , 
( [337813, 1166442, 471654 ] -> [337814, 1166442, 471654 ] )  , 
( [337813, 1166442, 471654 ] -> [337814, 337813, 471654 ] )  , 
( [337813, 1166442, 471654 ] -> [337913, 1166442, 471654 ] )  , 
( [337813, 1166442, 471654 ] -> [337913, 337912, 471654 ] )  , 
( [-34498, -170641, 1132276 ] -> [-34497, -170641, 1132276 ] )  , 
( [-34498, -170641, 1132276 ] -> [-34497, -34498, 1132276 ] )  , 
( [-34498, -170641, 1132276 ] -> [-34398, -170641, 1132276 ] )  , 
( [-34498, -170641, 1132276 ] -> [-34398, -34399, 1132276 ] )  , 
( [-115829, 1294947, 496893 ] -> [-115828, 1294947, 496893 ] )  , 
( [-115829, 1294947, 496893 ] -> [-115828, -115829, 496893 ] )  , 
( [-115829, 1294947, 496893 ] -> [-115729, 1294947, 496893 ] )  , 
( [-115829, 1294947, 496893 ] -> [-115729, -115730, 496893 ] )  , 
( [-1391105, -477956, 700019 ] -> [-1391104, -477956, 700019 ] )  , 
( [-1391105, -477956, 700019 ] -> [-1391104, -1391105, 700019 ] )  , 
( [-1391105, -477956, 700019 ] -> [-1391005, -477956, 700019 ] )  , 
( [-1391105, -477956, 700019 ] -> [-1391005, -1391006, 700019 ] )  , 
( [-1186958, -40892, -973608 ] -> [-1186957, -40892, -973608 ] )  , 
( [-1186958, -40892, -973608 ] -> [-1186957, -1186958, -973608 ] )  , 
( [-1186958, -40892, -973608 ] -> [-1186858, -40892, -973608 ] )  , 
( [-1186958, -40892, -973608 ] -> [-1186858, -1186859, -973608 ] )  , 
( [243224, 1258971, 1295773 ] -> [243225, 1258971, 1295773 ] )  , 
( [243224, 1258971, 1295773 ] -> [243225, 243224, 1295773 ] )  , 
( [243224, 1258971, 1295773 ] -> [243324, 1258971, 1295773 ] )  , 
( [243224, 1258971, 1295773 ] -> [243324, 243323, 1295773 ] )  , 
( [-145616, -1440231, 884079 ] -> [-145615, -1440231, 884079 ] )  , 
( [-145616, -1440231, 884079 ] -> [-145615, -145616, 884079 ] )  , 
( [-145616, -1440231, 884079 ] -> [-145516, -1440231, 884079 ] )  , 
( [-145616, -1440231, 884079 ] -> [-145516, -145517, 884079 ] )  , 
( [-946882, -1194452, -372448 ] -> [-946881, -1194452, -372448 ] )  , 
( [-946882, -1194452, -372448 ] -> [-946881, -946882, -372448 ] )  , 
( [-946882, -1194452, -372448 ] -> [-946782, -1194452, -372448 ] )  , 
( [-946882, -1194452, -372448 ] -> [-946782, -946783, -372448 ] )  , 
( [-477187, 1185913, -114496 ] -> [-477186, 1185913, -114496 ] )  , 
( [-477187, 1185913, -114496 ] -> [-477186, -477187, -114496 ] )  , 
( [-477187, 1185913, -114496 ] -> [-477087, 1185913, -114496 ] )  , 
( [-477187, 1185913, -114496 ] -> [-477087, -477088, -114496 ] )  , 
( [-1307429, -1033068, 1415675 ] -> [-1307428, -1033068, 1415675 ] )  , 
( [-1307429, -1033068, 1415675 ] -> [-1307428, -1307429, 1415675 ] )  , 
( [-1307429, -1033068, 1415675 ] -> [-1307329, -1033068, 1415675 ] )  , 
( [-1307429, -1033068, 1415675 ] -> [-1307329, -1307330, 1415675 ] )  , 
( [153796, 1329994, 445782 ] -> [153797, 1329994, 445782 ] )  , 
( [153796, 1329994, 445782 ] -> [153797, 153796, 445782 ] )  , 
( [153796, 1329994, 445782 ] -> [153896, 1329994, 445782 ] )  , 
( [153796, 1329994, 445782 ] -> [153896, 153895, 445782 ] )  , 
( [-907678, 757786, -125568 ] -> [-907677, 757786, -125568 ] )  , 
( [-907678, 757786, -125568 ] -> [-907677, -907678, -125568 ] )  , 
( [-907678, 757786, -125568 ] -> [-907578, 757786, -125568 ] )  , 
( [-907678, 757786, -125568 ] -> [-907578, -907579, -125568 ] )  , 
( [-880687, 793502, 825926 ] -> [-880686, 793502, 825926 ] )  , 
( [-880687, 793502, 825926 ] -> [-880686, -880687, 825926 ] )  , 
( [-880687, 793502, 825926 ] -> [-880587, 793502, 825926 ] )  , 
( [-880687, 793502, 825926 ] -> [-880587, -880588, 825926 ] )  , 
( [-1344025, 94289, -1065726 ] -> [-1344024, 94289, -1065726 ] )  , 
( [-1344025, 94289, -1065726 ] -> [-1344024, -1344025, -1065726 ] )  , 
( [-1344025, 94289, -1065726 ] -> [-1343925, 94289, -1065726 ] )  , 
( [-1344025, 94289, -1065726 ] -> [-1343925, -1343926, -1065726 ] )  , 
( [-989115, -131643, -745483 ] -> [-989114, -131643, -745483 ] )  , 
( [-989115, -131643, -745483 ] -> [-989114, -989115, -745483 ] )  , 
( [-989115, -131643, -745483 ] -> [-989015, -131643, -745483 ] )  , 
( [-989115, -131643, -745483 ] -> [-989015, -989016, -745483 ] )  , 
( [-636671, 1431516, 1454058 ] -> [-636670, 1431516, 1454058 ] )  , 
( [-636671, 1431516, 1454058 ] -> [-636670, -636671, 1454058 ] )  , 
( [-636671, 1431516, 1454058 ] -> [-636571, 1431516, 1454058 ] )  , 
( [-636671, 1431516, 1454058 ] -> [-636571, -636572, 1454058 ] )  , 
( [-13503, -134804, 1356348 ] -> [-13502, -134804, 1356348 ] )  , 
( [-13503, -134804, 1356348 ] -> [-13502, -13503, 1356348 ] )  , 
( [-13503, -134804, 1356348 ] -> [-13403, -134804, 1356348 ] )  , 
( [-13503, -134804, 1356348 ] -> [-13403, -13404, 1356348 ] )  , 
( [284361, -1406218, 573841 ] -> [284362, -1406218, 573841 ] )  , 
( [284361, -1406218, 573841 ] -> [284362, 284361, 573841 ] )  , 
( [284361, -1406218, 573841 ] -> [284461, -1406218, 573841 ] )  , 
( [284361, -1406218, 573841 ] -> [284461, 284460, 573841 ] )  , 
( [64239, 747060, 1402756 ] -> [64240, 747060, 1402756 ] )  , 
( [64239, 747060, 1402756 ] -> [64240, 64239, 1402756 ] )  , 
( [64239, 747060, 1402756 ] -> [64339, 747060, 1402756 ] )  , 
( [64239, 747060, 1402756 ] -> [64339, 64338, 1402756 ] )  , 
( [-680230, -322432, 108045 ] -> [-680229, -322432, 108045 ] )  , 
( [-680230, -322432, 108045 ] -> [-680229, -680230, 108045 ] )  , 
( [-680230, -322432, 108045 ] -> [-680130, -322432, 108045 ] )  , 
( [-680230, -322432, 108045 ] -> [-680130, -680131, 108045 ] )  , 
( [-250622, -1036181, 139210 ] -> [-250621, -1036181, 139210 ] )  , 
( [-250622, -1036181, 139210 ] -> [-250621, -250622, 139210 ] )  , 
( [-250622, -1036181, 139210 ] -> [-250522, -1036181, 139210 ] )  , 
( [-250622, -1036181, 139210 ] -> [-250522, -250523, 139210 ] )  , 
( [550280, 1132580, 887796 ] -> [550281, 1132580, 887796 ] )  , 
( [550280, 1132580, 887796 ] -> [550281, 550280, 887796 ] )  , 
( [550280, 1132580, 887796 ] -> [550380, 1132580, 887796 ] )  , 
( [550280, 1132580, 887796 ] -> [550380, 550379, 887796 ] )  , 
( [-1242787, -375083, 603185 ] -> [-1242786, -375083, 603185 ] )  , 
( [-1242787, -375083, 603185 ] -> [-1242786, -1242787, 603185 ] )  , 
( [-1242787, -375083, 603185 ] -> [-1242687, -375083, 603185 ] )  , 
( [-1242787, -375083, 603185 ] -> [-1242687, -1242688, 603185 ] )  , 
( [-640308, 1044246, 1206515 ] -> [-640307, 1044246, 1206515 ] )  , 
( [-640308, 1044246, 1206515 ] -> [-640307, -640308, 1206515 ] )  , 
( [-640308, 1044246, 1206515 ] -> [-640208, 1044246, 1206515 ] )  , 
( [-640308, 1044246, 1206515 ] -> [-640208, -640209, 1206515 ] )  , 
( [223840, -646266, 790639 ] -> [223841, -646266, 790639 ] )  , 
( [223840, -646266, 790639 ] -> [223841, 223840, 790639 ] )  , 
( [223840, -646266, 790639 ] -> [223940, -646266, 790639 ] )  , 
( [223840, -646266, 790639 ] -> [223940, 223939, 790639 ] )  , 
( [-1206258, -537340, 84470 ] -> [-1206257, -537340, 84470 ] )  , 
( [-1206258, -537340, 84470 ] -> [-1206257, -1206258, 84470 ] )  , 
( [-1206258, -537340, 84470 ] -> [-1206158, -537340, 84470 ] )  , 
( [-1206258, -537340, 84470 ] -> [-1206158, -1206159, 84470 ] )  , 
( [-937900, -1248203, -885022 ] -> [-937899, -1248203, -885022 ] )  , 
( [-937900, -1248203, -885022 ] -> [-937899, -937900, -885022 ] )  , 
( [-937900, -1248203, -885022 ] -> [-937800, -1248203, -885022 ] )  , 
( [-937900, -1248203, -885022 ] -> [-937800, -937801, -885022 ] )  , 
( [-869848, -1049201, 1290934 ] -> [-869847, -1049201, 1290934 ] )  , 
( [-869848, -1049201, 1290934 ] -> [-869847, -869848, 1290934 ] )  , 
( [-869848, -1049201, 1290934 ] -> [-869748, -1049201, 1290934 ] )  , 
( [-869848, -1049201, 1290934 ] -> [-869748, -869749, 1290934 ] )  , 
( [-1419376, -901224, 1490566 ] -> [-1419375, -901224, 1490566 ] )  , 
( [-1419376, -901224, 1490566 ] -> [-1419375, -1419376, 1490566 ] )  , 
( [-1419376, -901224, 1490566 ] -> [-1419276, -901224, 1490566 ] )  , 
( [-1419376, -901224, 1490566 ] -> [-1419276, -1419277, 1490566 ] )  , 
( [-952965, 564275, -267168 ] -> [-952964, 564275, -267168 ] )  , 
( [-952965, 564275, -267168 ] -> [-952964, -952965, -267168 ] )  , 
( [-952965, 564275, -267168 ] -> [-952865, 564275, -267168 ] )  , 
( [-952965, 564275, -267168 ] -> [-952865, -952866, -267168 ] )  , 
( [227551, -1441334, 1467970 ] -> [227552, -1441334, 1467970 ] )  , 
( [227551, -1441334, 1467970 ] -> [227552, 227551, 1467970 ] )  , 
( [227551, -1441334, 1467970 ] -> [227651, -1441334, 1467970 ] )  , 
( [227551, -1441334, 1467970 ] -> [227651, 227650, 1467970 ] )  , 
( [117611, -387477, 1417077 ] -> [117612, -387477, 1417077 ] )  , 
( [117611, -387477, 1417077 ] -> [117612, 117611, 1417077 ] )  , 
( [117611, -387477, 1417077 ] -> [117711, -387477, 1417077 ] )  , 
( [117611, -387477, 1417077 ] -> [117711, 117710, 1417077 ] )  , 
( [-1278287, 1307254, -1068288 ] -> [-1278286, 1307254, -1068288 ] )  , 
( [-1278287, 1307254, -1068288 ] -> [-1278286, -1278287, -1068288 ] )  , 
( [-1278287, 1307254, -1068288 ] -> [-1278187, 1307254, -1068288 ] )  , 
( [-1278287, 1307254, -1068288 ] -> [-1278187, -1278188, -1068288 ] )  , 
( [49525, 1368662, 1076202 ] -> [49526, 1368662, 1076202 ] )  , 
( [49525, 1368662, 1076202 ] -> [49526, 49525, 1076202 ] )  , 
( [49525, 1368662, 1076202 ] -> [49625, 1368662, 1076202 ] )  , 
( [49525, 1368662, 1076202 ] -> [49625, 49624, 1076202 ] )  , 
( [-222910, 780131, 568503 ] -> [-222909, 780131, 568503 ] )  , 
( [-222910, 780131, 568503 ] -> [-222909, -222910, 568503 ] )  , 
( [-222910, 780131, 568503 ] -> [-222810, 780131, 568503 ] )  , 
( [-222910, 780131, 568503 ] -> [-222810, -222811, 568503 ] )  , 
( [606206, -1482281, 1088947 ] -> [606207, -1482281, 1088947 ] )  , 
( [606206, -1482281, 1088947 ] -> [606207, 606206, 1088947 ] )  , 
( [606206, -1482281, 1088947 ] -> [606306, -1482281, 1088947 ] )  , 
( [606206, -1482281, 1088947 ] -> [606306, 606305, 1088947 ] )  , 
( [-824054, 10165, 1170627 ] -> [-824053, 10165, 1170627 ] )  , 
( [-824054, 10165, 1170627 ] -> [-824053, -824054, 1170627 ] )  , 
( [-824054, 10165, 1170627 ] -> [-823954, 10165, 1170627 ] )  , 
( [-824054, 10165, 1170627 ] -> [-823954, -823955, 1170627 ] )  , 
( [-558377, 1428503, -323929 ] -> [-558376, 1428503, -323929 ] )  , 
( [-558377, 1428503, -323929 ] -> [-558376, -558377, -323929 ] )  , 
( [-558377, 1428503, -323929 ] -> [-558277, 1428503, -323929 ] )  , 
( [-558377, 1428503, -323929 ] -> [-558277, -558278, -323929 ] )  , 
( [-1377087, 815305, -1274730 ] -> [-1377086, 815305, -1274730 ] )  , 
( [-1377087, 815305, -1274730 ] -> [-1377086, -1377087, -1274730 ] )  , 
( [-1377087, 815305, -1274730 ] -> [-1376987, 815305, -1274730 ] )  , 
( [-1377087, 815305, -1274730 ] -> [-1376987, -1376988, -1274730 ] )  , 
( [-1437839, -1243135, -1400593 ] -> [-1437838, -1243135, -1400593 ] )  , 
( [-1437839, -1243135, -1400593 ] -> [-1437838, -1437839, -1400593 ] )  , 
( [-1437839, -1243135, -1400593 ] -> [-1437739, -1243135, -1400593 ] )  , 
( [-1437839, -1243135, -1400593 ] -> [-1437739, -1437740, -1400593 ] )  , 
( [-1115223, -282649, 1231923 ] -> [-1115222, -282649, 1231923 ] )  , 
( [-1115223, -282649, 1231923 ] -> [-1115222, -1115223, 1231923 ] )  , 
( [-1115223, -282649, 1231923 ] -> [-1115123, -282649, 1231923 ] )  , 
( [-1115223, -282649, 1231923 ] -> [-1115123, -1115124, 1231923 ] )  , 
( [-961252, 1212755, -541302 ] -> [-961251, 1212755, -541302 ] )  , 
( [-961252, 1212755, -541302 ] -> [-961251, -961252, -541302 ] )  , 
( [-961252, 1212755, -541302 ] -> [-961152, 1212755, -541302 ] )  , 
( [-961252, 1212755, -541302 ] -> [-961152, -961153, -541302 ] )  , 
( [-1181268, -1036342, 1119471 ] -> [-1181267, -1036342, 1119471 ] )  , 
( [-1181268, -1036342, 1119471 ] -> [-1181267, -1181268, 1119471 ] )  , 
( [-1181268, -1036342, 1119471 ] -> [-1181168, -1036342, 1119471 ] )  , 
( [-1181268, -1036342, 1119471 ] -> [-1181168, -1181169, 1119471 ] )  , 
( [66594, -1338754, 927201 ] -> [66595, -1338754, 927201 ] )  , 
( [66594, -1338754, 927201 ] -> [66595, 66594, 927201 ] )  , 
( [66594, -1338754, 927201 ] -> [66694, -1338754, 927201 ] )  , 
( [66594, -1338754, 927201 ] -> [66694, 66693, 927201 ] )  , 
( [-1109689, -1175001, 909639 ] -> [-1109688, -1175001, 909639 ] )  , 
( [-1109689, -1175001, 909639 ] -> [-1109688, -1109689, 909639 ] )  , 
( [-1109689, -1175001, 909639 ] -> [-1109589, -1175001, 909639 ] )  , 
( [-1109689, -1175001, 909639 ] -> [-1109589, -1109590, 909639 ] )  , 
( [-657110, 722310, 151433 ] -> [-657109, 722310, 151433 ] )  , 
( [-657110, 722310, 151433 ] -> [-657109, -657110, 151433 ] )  , 
( [-657110, 722310, 151433 ] -> [-657010, 722310, 151433 ] )  , 
( [-657110, 722310, 151433 ] -> [-657010, -657011, 151433 ] )  , 
( [655803, 938988, 862983 ] -> [655804, 938988, 862983 ] )  , 
( [655803, 938988, 862983 ] -> [655804, 655803, 862983 ] )  , 
( [655803, 938988, 862983 ] -> [655903, 938988, 862983 ] )  , 
( [655803, 938988, 862983 ] -> [655903, 655902, 862983 ] )  , 
( [-1411988, -1467588, -962384 ] -> [-1411987, -1467588, -962384 ] )  , 
( [-1411988, -1467588, -962384 ] -> [-1411987, -1411988, -962384 ] )  , 
( [-1411988, -1467588, -962384 ] -> [-1411888, -1467588, -962384 ] )  , 
( [-1411988, -1467588, -962384 ] -> [-1411888, -1411889, -962384 ] )  , 
( [-861691, 588178, -769809 ] -> [-861690, 588178, -769809 ] )  , 
( [-861691, 588178, -769809 ] -> [-861690, -861691, -769809 ] )  , 
( [-861691, 588178, -769809 ] -> [-861591, 588178, -769809 ] )  , 
( [-861691, 588178, -769809 ] -> [-861591, -861592, -769809 ] )  , 
( [-1481172, 1409829, 893503 ] -> [-1481171, 1409829, 893503 ] )  , 
( [-1481172, 1409829, 893503 ] -> [-1481171, -1481172, 893503 ] )  , 
( [-1481172, 1409829, 893503 ] -> [-1481072, 1409829, 893503 ] )  , 
( [-1481172, 1409829, 893503 ] -> [-1481072, -1481073, 893503 ] )  , 
( [-621528, -1423626, 204295 ] -> [-621527, -1423626, 204295 ] )  , 
( [-621528, -1423626, 204295 ] -> [-621527, -621528, 204295 ] )  , 
( [-621528, -1423626, 204295 ] -> [-621428, -1423626, 204295 ] )  , 
( [-621528, -1423626, 204295 ] -> [-621428, -621429, 204295 ] )  , 
( [-243357, -1315996, 1132131 ] -> [-243356, -1315996, 1132131 ] )  , 
( [-243357, -1315996, 1132131 ] -> [-243356, -243357, 1132131 ] )  , 
( [-243357, -1315996, 1132131 ] -> [-243257, -1315996, 1132131 ] )  , 
( [-243357, -1315996, 1132131 ] -> [-243257, -243258, 1132131 ] )  , 
( [-986752, 1133232, 1463259 ] -> [-986751, 1133232, 1463259 ] )  , 
( [-986752, 1133232, 1463259 ] -> [-986751, -986752, 1463259 ] )  , 
( [-986752, 1133232, 1463259 ] -> [-986652, 1133232, 1463259 ] )  , 
( [-986752, 1133232, 1463259 ] -> [-986652, -986653, 1463259 ] )  , 
( [-548100, -364672, 205999 ] -> [-548099, -364672, 205999 ] )  , 
( [-548100, -364672, 205999 ] -> [-548099, -548100, 205999 ] )  , 
( [-548100, -364672, 205999 ] -> [-548000, -364672, 205999 ] )  , 
( [-548100, -364672, 205999 ] -> [-548000, -548001, 205999 ] )  , 
( [535660, -751759, 821237 ] -> [535661, -751759, 821237 ] )  , 
( [535660, -751759, 821237 ] -> [535661, 535660, 821237 ] )  , 
( [535660, -751759, 821237 ] -> [535760, -751759, 821237 ] )  , 
( [535660, -751759, 821237 ] -> [535760, 535759, 821237 ] )  , 
( [-647206, -513901, 721279 ] -> [-647205, -513901, 721279 ] )  , 
( [-647206, -513901, 721279 ] -> [-647205, -647206, 721279 ] )  , 
( [-647206, -513901, 721279 ] -> [-647106, -513901, 721279 ] )  , 
( [-647206, -513901, 721279 ] -> [-647106, -647107, 721279 ] )  , 
( [-1052465, 1115229, -785614 ] -> [-1052464, 1115229, -785614 ] )  , 
( [-1052465, 1115229, -785614 ] -> [-1052464, -1052465, -785614 ] )  , 
( [-1052465, 1115229, -785614 ] -> [-1052365, 1115229, -785614 ] )  , 
( [-1052465, 1115229, -785614 ] -> [-1052365, -1052366, -785614 ] )  , 
( [886091, -115933, 1370250 ] -> [886092, -115933, 1370250 ] )  , 
( [886091, -115933, 1370250 ] -> [886092, 886091, 1370250 ] )  , 
( [886091, -115933, 1370250 ] -> [886191, -115933, 1370250 ] )  , 
( [886091, -115933, 1370250 ] -> [886191, 886190, 1370250 ] )  , 
( [-1440239, -1496626, 565577 ] -> [-1440238, -1496626, 565577 ] )  , 
( [-1440239, -1496626, 565577 ] -> [-1440238, -1440239, 565577 ] )  , 
( [-1440239, -1496626, 565577 ] -> [-1440139, -1496626, 565577 ] )  , 
( [-1440239, -1496626, 565577 ] -> [-1440139, -1440140, 565577 ] )  , 
( [652350, 1360420, 1487660 ] -> [652351, 1360420, 1487660 ] )  , 
( [652350, 1360420, 1487660 ] -> [652351, 652350, 1487660 ] )  , 
( [652350, 1360420, 1487660 ] -> [652450, 1360420, 1487660 ] )  , 
( [652350, 1360420, 1487660 ] -> [652450, 652449, 1487660 ] )  , 
( [-1340353, -151812, -730921 ] -> [-1340352, -151812, -730921 ] )  , 
( [-1340353, -151812, -730921 ] -> [-1340352, -1340353, -730921 ] )  , 
( [-1340353, -151812, -730921 ] -> [-1340253, -151812, -730921 ] )  , 
( [-1340353, -151812, -730921 ] -> [-1340253, -1340254, -730921 ] )  , 
( [-849276, -494475, 1233202 ] -> [-849275, -494475, 1233202 ] )  , 
( [-849276, -494475, 1233202 ] -> [-849275, -849276, 1233202 ] )  , 
( [-849276, -494475, 1233202 ] -> [-849176, -494475, 1233202 ] )  , 
( [-849276, -494475, 1233202 ] -> [-849176, -849177, 1233202 ] )  , 
( [-1202267, -507056, -826997 ] -> [-1202266, -507056, -826997 ] )  , 
( [-1202267, -507056, -826997 ] -> [-1202266, -1202267, -826997 ] )  , 
( [-1202267, -507056, -826997 ] -> [-1202167, -507056, -826997 ] )  , 
( [-1202267, -507056, -826997 ] -> [-1202167, -1202168, -826997 ] )  , 
( [-156993, -91572, 663570 ] -> [-156992, -91572, 663570 ] )  , 
( [-156993, -91572, 663570 ] -> [-156992, -156993, 663570 ] )  , 
( [-156993, -91572, 663570 ] -> [-156893, -91572, 663570 ] )  , 
( [-156993, -91572, 663570 ] -> [-156893, -156894, 663570 ] )  , 
( [-1130247, -1466547, -848488 ] -> [-1130246, -1466547, -848488 ] )  , 
( [-1130247, -1466547, -848488 ] -> [-1130246, -1130247, -848488 ] )  , 
( [-1130247, -1466547, -848488 ] -> [-1130147, -1466547, -848488 ] )  , 
( [-1130247, -1466547, -848488 ] -> [-1130147, -1130148, -848488 ] )  , 
( [-1077388, -409790, 27805 ] -> [-1077387, -409790, 27805 ] )  , 
( [-1077388, -409790, 27805 ] -> [-1077387, -1077388, 27805 ] )  , 
( [-1077388, -409790, 27805 ] -> [-1077288, -409790, 27805 ] )  , 
( [-1077388, -409790, 27805 ] -> [-1077288, -1077289, 27805 ] )  , 
( [-1106247, 327852, 1014067 ] -> [-1106246, 327852, 1014067 ] )  , 
( [-1106247, 327852, 1014067 ] -> [-1106246, -1106247, 1014067 ] )  , 
( [-1106247, 327852, 1014067 ] -> [-1106147, 327852, 1014067 ] )  , 
( [-1106247, 327852, 1014067 ] -> [-1106147, -1106148, 1014067 ] )  , 
( [-923766, -1293941, -182738 ] -> [-923765, -1293941, -182738 ] )  , 
( [-923766, -1293941, -182738 ] -> [-923765, -923766, -182738 ] )  , 
( [-923766, -1293941, -182738 ] -> [-923666, -1293941, -182738 ] )  , 
( [-923766, -1293941, -182738 ] -> [-923666, -923667, -182738 ] )  , 
( [-466311, 1147084, -402406 ] -> [-466310, 1147084, -402406 ] )  , 
( [-466311, 1147084, -402406 ] -> [-466310, -466311, -402406 ] )  , 
( [-466311, 1147084, -402406 ] -> [-466211, 1147084, -402406 ] )  , 
( [-466311, 1147084, -402406 ] -> [-466211, -466212, -402406 ] )  , 
( [-1432908, -136384, -315378 ] -> [-1432907, -136384, -315378 ] )  , 
( [-1432908, -136384, -315378 ] -> [-1432907, -1432908, -315378 ] )  , 
( [-1432908, -136384, -315378 ] -> [-1432808, -136384, -315378 ] )  , 
( [-1432908, -136384, -315378 ] -> [-1432808, -1432809, -315378 ] )  , 
( [-1234529, -263755, 99264 ] -> [-1234528, -263755, 99264 ] )  , 
( [-1234529, -263755, 99264 ] -> [-1234528, -1234529, 99264 ] )  , 
( [-1234529, -263755, 99264 ] -> [-1234429, -263755, 99264 ] )  , 
( [-1234529, -263755, 99264 ] -> [-1234429, -1234430, 99264 ] )  , 
( [293929, 1307607, 1213858 ] -> [293930, 1307607, 1213858 ] )  , 
( [293929, 1307607, 1213858 ] -> [293930, 293929, 1213858 ] )  , 
( [293929, 1307607, 1213858 ] -> [294029, 1307607, 1213858 ] )  , 
( [293929, 1307607, 1213858 ] -> [294029, 294028, 1213858 ] )  , 
( [2396, 747011, 752008 ] -> [2397, 747011, 752008 ] )  , 
( [2396, 747011, 752008 ] -> [2397, 2396, 752008 ] )  , 
( [2396, 747011, 752008 ] -> [2496, 747011, 752008 ] )  , 
( [2396, 747011, 752008 ] -> [2496, 2495, 752008 ] )  , 
( [-673254, -1200740, -574266 ] -> [-673253, -1200740, -574266 ] )  , 
( [-673254, -1200740, -574266 ] -> [-673253, -673254, -574266 ] )  , 
( [-673254, -1200740, -574266 ] -> [-673154, -1200740, -574266 ] )  , 
( [-673254, -1200740, -574266 ] -> [-673154, -673155, -574266 ] )  , 
( [-255910, -1079486, -15507 ] -> [-255909, -1079486, -15507 ] )  , 
( [-255910, -1079486, -15507 ] -> [-255909, -255910, -15507 ] )  , 
( [-255910, -1079486, -15507 ] -> [-255810, -1079486, -15507 ] )  , 
( [-255910, -1079486, -15507 ] -> [-255810, -255811, -15507 ] )  , 
( [39573, 787287, 926001 ] -> [39574, 787287, 926001 ] )  , 
( [39573, 787287, 926001 ] -> [39574, 39573, 926001 ] )  , 
( [39573, 787287, 926001 ] -> [39673, 787287, 926001 ] )  , 
( [39573, 787287, 926001 ] -> [39673, 39672, 926001 ] )  , 
( [57399, -1036000, 585314 ] -> [57400, -1036000, 585314 ] )  , 
( [57399, -1036000, 585314 ] -> [57400, 57399, 585314 ] )  , 
( [57399, -1036000, 585314 ] -> [57499, -1036000, 585314 ] )  , 
( [57399, -1036000, 585314 ] -> [57499, 57498, 585314 ] )  , 
( [-62403, 945933, 355333 ] -> [-62402, 945933, 355333 ] )  , 
( [-62403, 945933, 355333 ] -> [-62402, -62403, 355333 ] )  , 
( [-62403, 945933, 355333 ] -> [-62303, 945933, 355333 ] )  , 
( [-62403, 945933, 355333 ] -> [-62303, -62304, 355333 ] )  , 
( [-885270, 1128437, 1481719 ] -> [-885269, 1128437, 1481719 ] )  , 
( [-885270, 1128437, 1481719 ] -> [-885269, -885270, 1481719 ] )  , 
( [-885270, 1128437, 1481719 ] -> [-885170, 1128437, 1481719 ] )  , 
( [-885270, 1128437, 1481719 ] -> [-885170, -885171, 1481719 ] )  , 
( [-521263, 339334, 513148 ] -> [-521262, 339334, 513148 ] )  , 
( [-521263, 339334, 513148 ] -> [-521262, -521263, 513148 ] )  , 
( [-521263, 339334, 513148 ] -> [-521163, 339334, 513148 ] )  , 
( [-521263, 339334, 513148 ] -> [-521163, -521164, 513148 ] )  , 
( [-136126, -1351805, 499968 ] -> [-136125, -1351805, 499968 ] )  , 
( [-136126, -1351805, 499968 ] -> [-136125, -136126, 499968 ] )  , 
( [-136126, -1351805, 499968 ] -> [-136026, -1351805, 499968 ] )  , 
( [-136126, -1351805, 499968 ] -> [-136026, -136027, 499968 ] )  , 
( [589511, -920735, 855734 ] -> [589512, -920735, 855734 ] )  , 
( [589511, -920735, 855734 ] -> [589512, 589511, 855734 ] )  , 
( [589511, -920735, 855734 ] -> [589611, -920735, 855734 ] )  , 
( [589511, -920735, 855734 ] -> [589611, 589610, 855734 ] )  , 
( [-995622, -1125828, 819516 ] -> [-995621, -1125828, 819516 ] )  , 
( [-995622, -1125828, 819516 ] -> [-995621, -995622, 819516 ] )  , 
( [-995622, -1125828, 819516 ] -> [-995522, -1125828, 819516 ] )  , 
( [-995622, -1125828, 819516 ] -> [-995522, -995523, 819516 ] )  , 
( [-1445390, 232749, -544625 ] -> [-1445389, 232749, -544625 ] )  , 
( [-1445390, 232749, -544625 ] -> [-1445389, -1445390, -544625 ] )  , 
( [-1445390, 232749, -544625 ] -> [-1445290, 232749, -544625 ] )  , 
( [-1445390, 232749, -544625 ] -> [-1445290, -1445291, -544625 ] )  , 
( [-578539, -275898, 1071561 ] -> [-578538, -275898, 1071561 ] )  , 
( [-578539, -275898, 1071561 ] -> [-578538, -578539, 1071561 ] )  , 
( [-578539, -275898, 1071561 ] -> [-578439, -275898, 1071561 ] )  , 
( [-578539, -275898, 1071561 ] -> [-578439, -578440, 1071561 ] )  , 
( [-1136027, -542172, 17884 ] -> [-1136026, -542172, 17884 ] )  , 
( [-1136027, -542172, 17884 ] -> [-1136026, -1136027, 17884 ] )  , 
( [-1136027, -542172, 17884 ] -> [-1135927, -542172, 17884 ] )  , 
( [-1136027, -542172, 17884 ] -> [-1135927, -1135928, 17884 ] )  , 
( [-1178651, 145359, 1188569 ] -> [-1178650, 145359, 1188569 ] )  , 
( [-1178651, 145359, 1188569 ] -> [-1178650, -1178651, 1188569 ] )  , 
( [-1178651, 145359, 1188569 ] -> [-1178551, 145359, 1188569 ] )  , 
( [-1178651, 145359, 1188569 ] -> [-1178551, -1178552, 1188569 ] )  , 
( [-1445182, -813824, 1184466 ] -> [-1445181, -813824, 1184466 ] )  , 
( [-1445182, -813824, 1184466 ] -> [-1445181, -1445182, 1184466 ] )  , 
( [-1445182, -813824, 1184466 ] -> [-1445082, -813824, 1184466 ] )  , 
( [-1445182, -813824, 1184466 ] -> [-1445082, -1445083, 1184466 ] )  , 
( [1077722, 1288196, 1144491 ] -> [1077723, 1288196, 1144491 ] )  , 
( [1077722, 1288196, 1144491 ] -> [1077723, 1077722, 1144491 ] )  , 
( [1077722, 1288196, 1144491 ] -> [1077822, 1288196, 1144491 ] )  , 
( [1077722, 1288196, 1144491 ] -> [1077822, 1077821, 1144491 ] )  , 
( [-1424122, -841187, -1126327 ] -> [-1424121, -841187, -1126327 ] )  , 
( [-1424122, -841187, -1126327 ] -> [-1424121, -1424122, -1126327 ] )  , 
( [-1424122, -841187, -1126327 ] -> [-1424022, -841187, -1126327 ] )  , 
( [-1424122, -841187, -1126327 ] -> [-1424022, -1424023, -1126327 ] )  , 
( [-973922, 821898, -22888 ] -> [-973921, 821898, -22888 ] )  , 
( [-973922, 821898, -22888 ] -> [-973921, -973922, -22888 ] )  , 
( [-973922, 821898, -22888 ] -> [-973822, 821898, -22888 ] )  , 
( [-973922, 821898, -22888 ] -> [-973822, -973823, -22888 ] )  , 
( [-1096860, -974307, -324728 ] -> [-1096859, -974307, -324728 ] )  , 
( [-1096860, -974307, -324728 ] -> [-1096859, -1096860, -324728 ] )  , 
( [-1096860, -974307, -324728 ] -> [-1096760, -974307, -324728 ] )  , 
( [-1096860, -974307, -324728 ] -> [-1096760, -1096761, -324728 ] )  , 
( [445996, 1046251, 563531 ] -> [445997, 1046251, 563531 ] )  , 
( [445996, 1046251, 563531 ] -> [445997, 445996, 563531 ] )  , 
( [445996, 1046251, 563531 ] -> [446096, 1046251, 563531 ] )  , 
( [445996, 1046251, 563531 ] -> [446096, 446095, 563531 ] )  , 
( [-148764, 1048420, 181742 ] -> [-148763, 1048420, 181742 ] )  , 
( [-148764, 1048420, 181742 ] -> [-148763, -148764, 181742 ] )  , 
( [-148764, 1048420, 181742 ] -> [-148664, 1048420, 181742 ] )  , 
( [-148764, 1048420, 181742 ] -> [-148664, -148665, 181742 ] )  , 
( [-753485, 893042, -470887 ] -> [-753484, 893042, -470887 ] )  , 
( [-753485, 893042, -470887 ] -> [-753484, -753485, -470887 ] )  , 
( [-753485, 893042, -470887 ] -> [-753385, 893042, -470887 ] )  , 
( [-753485, 893042, -470887 ] -> [-753385, -753386, -470887 ] )  , 
( [-191389, -72834, 444125 ] -> [-191388, -72834, 444125 ] )  , 
( [-191389, -72834, 444125 ] -> [-191388, -191389, 444125 ] )  , 
( [-191389, -72834, 444125 ] -> [-191289, -72834, 444125 ] )  , 
( [-191389, -72834, 444125 ] -> [-191289, -191290, 444125 ] )  , 
( [-512653, -105656, -438405 ] -> [-512652, -105656, -438405 ] )  , 
( [-512653, -105656, -438405 ] -> [-512652, -512653, -438405 ] )  , 
( [-512653, -105656, -438405 ] -> [-512553, -105656, -438405 ] )  , 
( [-512653, -105656, -438405 ] -> [-512553, -512554, -438405 ] )  , 
( [-616487, 718377, -519015 ] -> [-616486, 718377, -519015 ] )  , 
( [-616487, 718377, -519015 ] -> [-616486, -616487, -519015 ] )  , 
( [-616487, 718377, -519015 ] -> [-616387, 718377, -519015 ] )  , 
( [-616487, 718377, -519015 ] -> [-616387, -616388, -519015 ] )  , 
( [-970084, -1374101, 457695 ] -> [-970083, -1374101, 457695 ] )  , 
( [-970084, -1374101, 457695 ] -> [-970083, -970084, 457695 ] )  , 
( [-970084, -1374101, 457695 ] -> [-969984, -1374101, 457695 ] )  , 
( [-970084, -1374101, 457695 ] -> [-969984, -969985, 457695 ] )  , 
( [-1104321, -920888, 186032 ] -> [-1104320, -920888, 186032 ] )  , 
( [-1104321, -920888, 186032 ] -> [-1104320, -1104321, 186032 ] )  , 
( [-1104321, -920888, 186032 ] -> [-1104221, -920888, 186032 ] )  , 
( [-1104321, -920888, 186032 ] -> [-1104221, -1104222, 186032 ] )  , 
( [-1485820, -1114806, 939214 ] -> [-1485819, -1114806, 939214 ] )  , 
( [-1485820, -1114806, 939214 ] -> [-1485819, -1485820, 939214 ] )  , 
( [-1485820, -1114806, 939214 ] -> [-1485720, -1114806, 939214 ] )  , 
( [-1485820, -1114806, 939214 ] -> [-1485720, -1485721, 939214 ] )  , 
( [-490237, -84621, 938753 ] -> [-490236, -84621, 938753 ] )  , 
( [-490237, -84621, 938753 ] -> [-490236, -490237, 938753 ] )  , 
( [-490237, -84621, 938753 ] -> [-490137, -84621, 938753 ] )  , 
( [-490237, -84621, 938753 ] -> [-490137, -490138, 938753 ] )  , 
( [-1339659, -142709, -493929 ] -> [-1339658, -142709, -493929 ] )  , 
( [-1339659, -142709, -493929 ] -> [-1339658, -1339659, -493929 ] )  , 
( [-1339659, -142709, -493929 ] -> [-1339559, -142709, -493929 ] )  , 
( [-1339659, -142709, -493929 ] -> [-1339559, -1339560, -493929 ] )  , 
( [-1478486, -1084287, 1184828 ] -> [-1478485, -1084287, 1184828 ] )  , 
( [-1478486, -1084287, 1184828 ] -> [-1478485, -1478486, 1184828 ] )  , 
( [-1478486, -1084287, 1184828 ] -> [-1478386, -1084287, 1184828 ] )  , 
( [-1478486, -1084287, 1184828 ] -> [-1478386, -1478387, 1184828 ] )  , 
( [-220177, -681307, 62638 ] -> [-220176, -681307, 62638 ] )  , 
( [-220177, -681307, 62638 ] -> [-220176, -220177, 62638 ] )  , 
( [-220177, -681307, 62638 ] -> [-220077, -681307, 62638 ] )  , 
( [-220177, -681307, 62638 ] -> [-220077, -220078, 62638 ] )  , 
( [-875451, -446967, 584043 ] -> [-875450, -446967, 584043 ] )  , 
( [-875451, -446967, 584043 ] -> [-875450, -875451, 584043 ] )  , 
( [-875451, -446967, 584043 ] -> [-875351, -446967, 584043 ] )  , 
( [-875451, -446967, 584043 ] -> [-875351, -875352, 584043 ] )  , 
( [143595, 1263890, 897826 ] -> [143596, 1263890, 897826 ] )  , 
( [143595, 1263890, 897826 ] -> [143596, 143595, 897826 ] )  , 
( [143595, 1263890, 897826 ] -> [143695, 1263890, 897826 ] )  , 
( [143595, 1263890, 897826 ] -> [143695, 143694, 897826 ] )  , 
( [156771, -1114211, 630528 ] -> [156772, -1114211, 630528 ] )  , 
( [156771, -1114211, 630528 ] -> [156772, 156771, 630528 ] )  , 
( [156771, -1114211, 630528 ] -> [156871, -1114211, 630528 ] )  , 
( [156771, -1114211, 630528 ] -> [156871, 156870, 630528 ] )  , 
( [-272563, -807773, 1374474 ] -> [-272562, -807773, 1374474 ] )  , 
( [-272563, -807773, 1374474 ] -> [-272562, -272563, 1374474 ] )  , 
( [-272563, -807773, 1374474 ] -> [-272463, -807773, 1374474 ] )  , 
( [-272563, -807773, 1374474 ] -> [-272463, -272464, 1374474 ] )  , 
( [-1247415, -885566, 1201358 ] -> [-1247414, -885566, 1201358 ] )  , 
( [-1247415, -885566, 1201358 ] -> [-1247414, -1247415, 1201358 ] )  , 
( [-1247415, -885566, 1201358 ] -> [-1247315, -885566, 1201358 ] )  , 
( [-1247415, -885566, 1201358 ] -> [-1247315, -1247316, 1201358 ] )  , 
( [746718, 1319467, 986133 ] -> [746719, 1319467, 986133 ] )  , 
( [746718, 1319467, 986133 ] -> [746719, 746718, 986133 ] )  , 
( [746718, 1319467, 986133 ] -> [746818, 1319467, 986133 ] )  , 
( [746718, 1319467, 986133 ] -> [746818, 746817, 986133 ] )  , 
( [-629268, -1013984, 500462 ] -> [-629267, -1013984, 500462 ] )  , 
( [-629268, -1013984, 500462 ] -> [-629267, -629268, 500462 ] )  , 
( [-629268, -1013984, 500462 ] -> [-629168, -1013984, 500462 ] )  , 
( [-629268, -1013984, 500462 ] -> [-629168, -629169, 500462 ] )  , 
( [-205210, 1381146, 837713 ] -> [-205209, 1381146, 837713 ] )  , 
( [-205210, 1381146, 837713 ] -> [-205209, -205210, 837713 ] )  , 
( [-205210, 1381146, 837713 ] -> [-205110, 1381146, 837713 ] )  , 
( [-205210, 1381146, 837713 ] -> [-205110, -205111, 837713 ] )  , 
( [-189355, -1114116, 308998 ] -> [-189354, -1114116, 308998 ] )  , 
( [-189355, -1114116, 308998 ] -> [-189354, -189355, 308998 ] )  , 
( [-189355, -1114116, 308998 ] -> [-189255, -1114116, 308998 ] )  , 
( [-189355, -1114116, 308998 ] -> [-189255, -189256, 308998 ] )  , 
( [-944561, -1389489, 683732 ] -> [-944560, -1389489, 683732 ] )  , 
( [-944561, -1389489, 683732 ] -> [-944560, -944561, 683732 ] )  , 
( [-944561, -1389489, 683732 ] -> [-944461, -1389489, 683732 ] )  , 
( [-944561, -1389489, 683732 ] -> [-944461, -944462, 683732 ] )  , 
( [829475, -480829, 1116682 ] -> [829476, -480829, 1116682 ] )  , 
( [829475, -480829, 1116682 ] -> [829476, 829475, 1116682 ] )  , 
( [829475, -480829, 1116682 ] -> [829575, -480829, 1116682 ] )  , 
( [829475, -480829, 1116682 ] -> [829575, 829574, 1116682 ] )  , 
( [-539582, -1291227, 289439 ] -> [-539581, -1291227, 289439 ] )  , 
( [-539582, -1291227, 289439 ] -> [-539581, -539582, 289439 ] )  , 
( [-539582, -1291227, 289439 ] -> [-539482, -1291227, 289439 ] )  , 
( [-539582, -1291227, 289439 ] -> [-539482, -539483, 289439 ] )  , 
( [-1115137, -1226762, -689291 ] -> [-1115136, -1226762, -689291 ] )  , 
( [-1115137, -1226762, -689291 ] -> [-1115136, -1115137, -689291 ] )  , 
( [-1115137, -1226762, -689291 ] -> [-1115037, -1226762, -689291 ] )  , 
( [-1115137, -1226762, -689291 ] -> [-1115037, -1115038, -689291 ] )  , 
( [-239825, 418837, 1155472 ] -> [-239824, 418837, 1155472 ] )  , 
( [-239825, 418837, 1155472 ] -> [-239824, -239825, 1155472 ] )  , 
( [-239825, 418837, 1155472 ] -> [-239725, 418837, 1155472 ] )  , 
( [-239825, 418837, 1155472 ] -> [-239725, -239726, 1155472 ] )  , 
( [10862, -1026977, 55785 ] -> [10863, -1026977, 55785 ] )  , 
( [10862, -1026977, 55785 ] -> [10863, 10862, 55785 ] )  , 
( [10862, -1026977, 55785 ] -> [10962, -1026977, 55785 ] )  , 
( [10862, -1026977, 55785 ] -> [10962, 10961, 55785 ] )  , 
( [-798825, 1376288, -590384 ] -> [-798824, 1376288, -590384 ] )  , 
( [-798825, 1376288, -590384 ] -> [-798824, -798825, -590384 ] )  , 
( [-798825, 1376288, -590384 ] -> [-798725, 1376288, -590384 ] )  , 
( [-798825, 1376288, -590384 ] -> [-798725, -798726, -590384 ] )  , 
( [-629679, -1349365, -122017 ] -> [-629678, -1349365, -122017 ] )  , 
( [-629679, -1349365, -122017 ] -> [-629678, -629679, -122017 ] )  , 
( [-629679, -1349365, -122017 ] -> [-629579, -1349365, -122017 ] )  , 
( [-629679, -1349365, -122017 ] -> [-629579, -629580, -122017 ] )  , 
( [731661, -1064665, 895099 ] -> [731662, -1064665, 895099 ] )  , 
( [731661, -1064665, 895099 ] -> [731662, 731661, 895099 ] )  , 
( [731661, -1064665, 895099 ] -> [731761, -1064665, 895099 ] )  , 
( [731661, -1064665, 895099 ] -> [731761, 731760, 895099 ] )  , 
( [704236, -1158220, 1432458 ] -> [704237, -1158220, 1432458 ] )  , 
( [704236, -1158220, 1432458 ] -> [704237, 704236, 1432458 ] )  , 
( [704236, -1158220, 1432458 ] -> [704336, -1158220, 1432458 ] )  , 
( [704236, -1158220, 1432458 ] -> [704336, 704335, 1432458 ] )  , 
( [84228, 1152198, 536439 ] -> [84229, 1152198, 536439 ] )  , 
( [84228, 1152198, 536439 ] -> [84229, 84228, 536439 ] )  , 
( [84228, 1152198, 536439 ] -> [84328, 1152198, 536439 ] )  , 
( [84228, 1152198, 536439 ] -> [84328, 84327, 536439 ] )  , 
( [-1427694, 1033393, -520582 ] -> [-1427693, 1033393, -520582 ] )  , 
( [-1427694, 1033393, -520582 ] -> [-1427693, -1427694, -520582 ] )  , 
( [-1427694, 1033393, -520582 ] -> [-1427594, 1033393, -520582 ] )  , 
( [-1427694, 1033393, -520582 ] -> [-1427594, -1427595, -520582 ] )  , 
( [-1334149, -70048, -709012 ] -> [-1334148, -70048, -709012 ] )  , 
( [-1334149, -70048, -709012 ] -> [-1334148, -1334149, -709012 ] )  , 
( [-1334149, -70048, -709012 ] -> [-1334049, -70048, -709012 ] )  , 
( [-1334149, -70048, -709012 ] -> [-1334049, -1334050, -709012 ] )  , 
( [-290148, 1280343, 830968 ] -> [-290147, 1280343, 830968 ] )  , 
( [-290148, 1280343, 830968 ] -> [-290147, -290148, 830968 ] )  , 
( [-290148, 1280343, 830968 ] -> [-290048, 1280343, 830968 ] )  , 
( [-290148, 1280343, 830968 ] -> [-290048, -290049, 830968 ] )  , 
( [-403722, -108592, -295780 ] -> [-403721, -108592, -295780 ] )  , 
( [-403722, -108592, -295780 ] -> [-403721, -403722, -295780 ] )  , 
( [-403722, -108592, -295780 ] -> [-403622, -108592, -295780 ] )  , 
( [-403722, -108592, -295780 ] -> [-403622, -403623, -295780 ] )  , 
( [-361487, -1072808, 553870 ] -> [-361486, -1072808, 553870 ] )  , 
( [-361487, -1072808, 553870 ] -> [-361486, -361487, 553870 ] )  , 
( [-361487, -1072808, 553870 ] -> [-361387, -1072808, 553870 ] )  , 
( [-361487, -1072808, 553870 ] -> [-361387, -361388, 553870 ] )  , 
( [-627746, 1485252, -243420 ] -> [-627745, 1485252, -243420 ] )  , 
( [-627746, 1485252, -243420 ] -> [-627745, -627746, -243420 ] )  , 
( [-627746, 1485252, -243420 ] -> [-627646, 1485252, -243420 ] )  , 
( [-627746, 1485252, -243420 ] -> [-627646, -627647, -243420 ] )  , 
( [-669503, 286710, 816387 ] -> [-669502, 286710, 816387 ] )  , 
( [-669503, 286710, 816387 ] -> [-669502, -669503, 816387 ] )  , 
( [-669503, 286710, 816387 ] -> [-669403, 286710, 816387 ] )  , 
( [-669503, 286710, 816387 ] -> [-669403, -669404, 816387 ] )  , 
( [-112824, -991971, 800332 ] -> [-112823, -991971, 800332 ] )  , 
( [-112824, -991971, 800332 ] -> [-112823, -112824, 800332 ] )  , 
( [-112824, -991971, 800332 ] -> [-112724, -991971, 800332 ] )  , 
( [-112824, -991971, 800332 ] -> [-112724, -112725, 800332 ] )  , 
( [-664344, -1274013, 814157 ] -> [-664343, -1274013, 814157 ] )  , 
( [-664344, -1274013, 814157 ] -> [-664343, -664344, 814157 ] )  , 
( [-664344, -1274013, 814157 ] -> [-664244, -1274013, 814157 ] )  , 
( [-664344, -1274013, 814157 ] -> [-664244, -664245, 814157 ] )  , 
( [-1065492, -1389455, -168984 ] -> [-1065491, -1389455, -168984 ] )  , 
( [-1065492, -1389455, -168984 ] -> [-1065491, -1065492, -168984 ] )  , 
( [-1065492, -1389455, -168984 ] -> [-1065392, -1389455, -168984 ] )  , 
( [-1065492, -1389455, -168984 ] -> [-1065392, -1065393, -168984 ] )  , 
( [-1229740, 208990, -972765 ] -> [-1229739, 208990, -972765 ] )  , 
( [-1229740, 208990, -972765 ] -> [-1229739, -1229740, -972765 ] )  , 
( [-1229740, 208990, -972765 ] -> [-1229640, 208990, -972765 ] )  , 
( [-1229740, 208990, -972765 ] -> [-1229640, -1229641, -972765 ] )  , 
( [-873236, -1124926, 1067488 ] -> [-873235, -1124926, 1067488 ] )  , 
( [-873236, -1124926, 1067488 ] -> [-873235, -873236, 1067488 ] )  , 
( [-873236, -1124926, 1067488 ] -> [-873136, -1124926, 1067488 ] )  , 
( [-873236, -1124926, 1067488 ] -> [-873136, -873137, 1067488 ] )  , 
( [1048406, 470786, 1244914 ] -> [1048407, 470786, 1244914 ] )  , 
