Initialization Complete...

	Affine SubSpace: 


	Non Iterative Precondition: 



	Selected-Points:

		+ := 
[0, 0 ] , 

		- := 
[-1497652, -694299 ] , 
[-1496888, -683792 ] , 
[-1491302, -1136955 ] , 
[-1490691, -450793 ] , 
[-1489520, -629473 ] , 
[-1486512, -321091 ] , 
[-1483804, -1060954 ] , 
[-1477360, -731047 ] , 
[-1464103, -997320 ] , 
[-1451285, -581820 ] , 
[-1443119, -1268606 ] , 
[-1443007, -500514 ] , 
[-1427640, -1300500 ] , 
[-1426996, -558178 ] , 
[-1425001, -1389250 ] , 
[-1422164, -405714 ] , 
[-1410295, -1273712 ] , 
[-1410059, -64827 ] , 
[-1406434, -736627 ] , 
[-1393656, -444148 ] , 
[-1393326, -1086554 ] , 
[-1381033, -924210 ] , 
[-1376017, -1195420 ] , 
[-1375429, -227642 ] , 
[-1369381, -1448501 ] , 
[-1368471, -512302 ] , 
[-1367491, -444915 ] , 
[-1360994, -553105 ] , 
[-1360249, -270295 ] , 
[-1347818, -238219 ] , 
[-1339782, -683160 ] , 
[-1330746, -649345 ] , 
[-1326932, -603642 ] , 
[-1326747, -1009917 ] , 
[-1320332, -339702 ] , 
[-1312023, -533894 ] , 
[-1310460, -601191 ] , 
[-1303943, -119078 ] , 
[-1301205, -832742 ] , 
[-1301103, -598315 ] , 
[-1298144, -235841 ] , 
[-1296236, -890126 ] , 
[-1285368, -71869 ] , 
[-1280275, -1012388 ] , 
[-1278642, -736089 ] , 
[-1268628, -1169266 ] , 
[-1265627, -1143798 ] , 
[-1265459, -83255 ] , 
[-1252345, -702390 ] , 
[-1249379, -650854 ] , 
[-1248277, -350239 ] , 
[-1246617, -809922 ] , 
[-1242296, -1264792 ] , 
[-1241829, -206688 ] , 
[-1234375, -1387034 ] , 
[-1230599, -908776 ] , 
[-1230067, -519780 ] , 
[-1227673, -454063 ] , 
[-1225568, -437338 ] , 
[-1221930, -19544 ] , 
[-1216897, -1066550 ] , 
[-1214580, -681363 ] , 
[-1201600, -28672 ] , 
[-1201211, -1285401 ] , 
[-1197985, -198438 ] , 
[-1193604, -652351 ] , 
[-1185827, -261365 ] , 
[-1180791, -1418698 ] , 
[-1179152, -782309 ] , 
[-1175353, -1208870 ] , 
[-1173452, -1032062 ] , 
[-1164067, -721372 ] , 
[-1160302, -1075772 ] , 
[-1149985, -734550 ] , 
[-1144684, -97582 ] , 
[-1142745, -1028416 ] , 
[-1142545, -16243 ] , 
[-1132619, -1141734 ] , 
[-1131153, -1415413 ] , 
[-1130185, -503003 ] , 
[-1126059, -1480911 ] , 
[-1122992, -1424766 ] , 
[-1122071, -892807 ] , 
[-1118671, -853682 ] , 
[-1110117, -621966 ] , 
[-1086281, -947881 ] , 
[-1083775, -361094 ] , 
[-1081864, -396400 ] , 
[-1078117, -795628 ] , 
[-1069962, -748662 ] , 
[-1069186, -396469 ] , 
[-1061828, -437469 ] , 
[-1056601, -466848 ] , 
[-1050907, -1092289 ] , 
[-1046430, -1129297 ] , 
[-1045926, -1067523 ] , 
[-1045590, -924169 ] , 
[-1042397, -429445 ] , 
[-1041485, -354164 ] , 
[-1040462, -419537 ] , 
[-1026519, -637309 ] , 
[-1024273, -139734 ] , 
[-1017788, -140712 ] , 
[-993147, -114071 ] , 
[-992890, -998125 ] , 
[-988526, -1489217 ] , 
[-988002, -248820 ] , 
[-984170, -239303 ] , 
[-981981, -1061819 ] , 
[-981326, -1185895 ] , 
[-963404, -203577 ] , 
[-961848, -754464 ] , 
[-953197, -922230 ] , 
[-949038, -1262098 ] , 
[-947274, -193629 ] , 
[-946730, -45834 ] , 
[-946433, -462169 ] , 
[-945446, -282506 ] , 
[-945263, -338281 ] , 
[-945109, -1180429 ] , 
[-943665, -127492 ] , 
[-937755, -1065927 ] , 
[-924335, -807542 ] , 
[-905466, -1000085 ] , 
[-889900, -1414133 ] , 
[-889412, -1214490 ] , 
[-876111, -119201 ] , 
[-874843, -991862 ] , 
[-871509, -594853 ] , 
[-844488, -584971 ] , 
[-842616, -948452 ] , 
[-835311, -444101 ] , 
[-833815, -122198 ] , 
[-830784, -697189 ] , 
[-827006, -361831 ] , 
[-818973, -1114890 ] , 
[-798291, -1402351 ] , 
[-797790, -1270076 ] , 
[-792676, -308446 ] , 
[-787953, -1243948 ] , 
[-784249, -66884 ] , 
[-764622, -1317227 ] , 
[-757874, -1022976 ] , 
[-749768, -488938 ] , 
[-740064, -618632 ] , 
[-731297, -289754 ] , 
[-730293, -839113 ] , 
[-730104, -907185 ] , 
[-729275, -1497879 ] , 
[-714038, -1056709 ] , 
[-711478, -807033 ] , 
[-702079, -654377 ] , 
[-701524, -1253648 ] , 
[-692978, -689922 ] , 
[-687798, -1124019 ] , 
[-680594, -1407805 ] , 
[-669156, -1083570 ] , 
[-668128, -223539 ] , 
[-666007, -1311651 ] , 
[-663688, -1352742 ] , 
[-657781, -14792 ] , 
[-655255, -1337592 ] , 
[-654094, -978578 ] , 
[-653740, -1189781 ] , 
[-650887, -14962 ] , 
[-650432, -199377 ] , 
[-639366, -610948 ] , 
[-634222, -948712 ] , 
[-634162, -664429 ] , 
[-621036, -1936 ] , 
[-620009, -998840 ] , 
[-619259, -693819 ] , 
[-618985, -1090172 ] , 
[-617782, -1178959 ] , 
[-609816, -1094590 ] , 
[-604654, -1406276 ] , 
[-602294, -566877 ] , 
[-601418, -700146 ] , 
[-597041, -716131 ] , 
[-595855, -1035104 ] , 
[-594510, -451414 ] , 
[-591673, -563404 ] , 
[-586917, -55866 ] , 
[-575363, -665812 ] , 
[-572600, -350649 ] , 
[-570814, -1180438 ] , 
[-569267, -982909 ] , 
[-568423, -898656 ] , 
[-565136, -541997 ] , 
[-564579, -1338475 ] , 
[-564519, -868491 ] , 
[-559246, -847822 ] , 
[-556004, -1109456 ] , 
[-552557, -831829 ] , 
[-551513, -1196794 ] , 
[-539384, -499255 ] , 
[-538801, -635175 ] , 
[-532548, -126638 ] , 
[-531533, -339861 ] , 
[-529999, -537453 ] , 
[-519314, -611847 ] , 
[-503330, -721720 ] , 
[-494584, -1187773 ] , 
[-493594, -1085305 ] , 
[-490481, -583683 ] , 
[-486680, -111891 ] , 
[-481808, -733657 ] , 
[-479090, -1254653 ] , 
[-463688, -1418760 ] , 
[-460855, -1259137 ] , 
[-457539, -674247 ] , 
[-456903, -1047415 ] , 
[-456689, -89411 ] , 
[-454647, -747115 ] , 
[-453989, -408457 ] , 
[-428675, -687621 ] , 
[-420884, -440216 ] , 
[-420764, -1005612 ] , 
[-418544, -184526 ] , 
[-417983, -674904 ] , 
[-415254, -82856 ] , 
[-409110, -1147763 ] , 
[-406826, -1394167 ] , 
[-403947, -720332 ] , 
[-403784, -500401 ] , 
[-399096, -150554 ] , 
[-394203, -338586 ] , 
[-392309, -785949 ] , 
[-389682, -1481114 ] , 
[-386986, -49277 ] , 
[-386859, -472349 ] , 
[-383833, -963560 ] , 
[-383626, -1318484 ] , 
[-380908, -620775 ] , 
[-379804, -43031 ] , 
[-377542, -513020 ] , 
[-369331, -1230577 ] , 
[-356983, -71897 ] , 
[-356134, -1145379 ] , 
[-351370, -926430 ] , 
[-350985, -1196668 ] , 
[-347994, -173075 ] , 
[-342278, -1302794 ] , 
[-330611, -612278 ] , 
[-314146, -779377 ] , 
[-300526, -1190960 ] , 
[-293521, -701943 ] , 
[-282660, -185849 ] , 
[-279459, -757690 ] , 
[-277432, -1155980 ] , 
[-270175, -310481 ] , 
[-267544, -630092 ] , 
[-262814, -1269075 ] , 
[-253650, -990262 ] , 
[-253278, -574724 ] , 
[-248003, -301365 ] , 
[-231857, -1244312 ] , 
[-227085, -622156 ] , 
[-226540, -938656 ] , 
[-217533, -67033 ] , 
[-200804, -800494 ] , 
[-194470, -920522 ] , 
[-193870, -398947 ] , 
[-192094, -522119 ] , 
[-189399, -747301 ] , 
[-181220, -1343141 ] , 
[-179139, -689556 ] , 
[-175287, -1149925 ] , 
[-168668, -725771 ] , 
[-164519, -533506 ] , 
[-149038, -40994 ] , 
[-143378, -513904 ] , 
[-140938, -237306 ] , 
[-130978, -369309 ] , 
[-130165, -1498936 ] , 
[-120595, -865481 ] , 
[-118601, -39100 ] , 
[-113867, -904494 ] , 
[-113064, -308254 ] , 
[-112832, -1093609 ] , 
[-106456, -1077603 ] , 
[-91187, -843001 ] , 
[-88477, -594588 ] , 
[-86187, -245965 ] , 
[-83806, -288263 ] , 
[-83346, -1175240 ] , 
[-75612, -910204 ] , 
[-71347, -1492947 ] , 
[-66256, -1006890 ] , 
[-61004, -363683 ] , 
[-51695, -1059223 ] , 
[-48132, -460028 ] , 
[-44087, -178513 ] , 
[-29796, -218326 ] , 
[-25358, -959922 ] , 
[-24072, -678222 ] , 
[-23874, -80280 ] , 
[-23682, -348865 ] , 
[-16720, -1305141 ] , 
[-14979, -707645 ] , 
[-10218, -1191020 ] , 
[-9294, -781342 ] , 
[50, -901836 ] , 
[50, -512984 ] , 
[50, -93345 ] , 
[51, -832353 ] , 
[52, -452962 ] , 
[52, -31132 ] , 
[53, -1446506 ] , 
[53, -1312827 ] , 
[53, -829871 ] , 
[54, -1031054 ] , 
[54, -629316 ] , 
[55, -1456033 ] , 
[55, -929465 ] , 
[55, -428567 ] , 
[55, -18305 ] , 
[56, -1046836 ] , 
[56, -671339 ] , 
[56, -507705 ] , 
[57, -1381408 ] , 
[57, -630157 ] , 
[57, -160120 ] , 
[57, -139396 ] , 
[58, -1141233 ] , 
[59, -1426470 ] , 
[59, -671090 ] , 
[60, -1464896 ] , 
[60, -240901 ] , 
[61, -830487 ] , 
[61, -673419 ] , 
[61, -214532 ] , 
[61, -176640 ] , 
[62, -1196668 ] , 
[62, -679387 ] , 
[62, -632097 ] , 
[62, -154740 ] , 
[62, -113020 ] , 
[63, -1185977 ] , 
[63, -627017 ] , 
[64, -1462395 ] , 
[64, -926821 ] , 
[64, -684645 ] , 
[64, -610827 ] , 
[65, -1489211 ] , 
[65, -1411719 ] , 
[65, -1135650 ] , 
[65, -247831 ] , 
[66, -1493681 ] , 
[66, -592754 ] , 
[66, -581206 ] , 
[67, -928275 ] , 
[68, -1420473 ] , 
[68, -899303 ] , 
[69, -715598 ] , 
[69, -227057 ] , 
[70, -1462637 ] , 
[70, -1124897 ] , 
[70, -988688 ] , 
[70, -299011 ] , 
[71, -1250455 ] , 
[71, -538520 ] , 
[72, -831962 ] , 
[73, -981294 ] , 
[73, -806160 ] , 
[73, -728509 ] , 
[73, -528099 ] , 
[73, -300359 ] , 
[74, -987554 ] , 
[74, -341687 ] , 
[74, -126504 ] , 
[74, -123817 ] , 
[74, -80486 ] , 
[75, -1478894 ] , 
[75, -298990 ] , 
[76, -1221382 ] , 
[76, -1035086 ] , 
[76, -891052 ] , 
[77, -1484955 ] , 
[77, -1245557 ] , 
[77, -135147 ] , 
[77, -48543 ] , 
[78, -1195047 ] , 
[79, -1073051 ] , 
[79, -814916 ] , 
[79, -594787 ] , 
[79, -581011 ] , 
[79, -31785 ] , 
[80, -1448049 ] , 
[80, -1009006 ] , 
[80, -789083 ] , 
[82, -1374254 ] , 
[83, -1390382 ] , 
[83, -1080409 ] , 
[83, -881655 ] , 
[83, -691117 ] , 
[83, -163165 ] , 
[84, -1332857 ] , 
[84, -571395 ] , 
[85, -875863 ] , 
[85, -814465 ] , 
[85, -731329 ] , 
[85, -295864 ] , 
[85, -168827 ] , 
[86, -1495624 ] , 
[86, -1091088 ] , 
[86, -778631 ] , 
[86, -67569 ] , 
[86, -43819 ] , 
[87, -1456776 ] , 
[87, -1299533 ] , 
[88, -1026737 ] , 
[88, -955585 ] , 
[88, -551779 ] , 
[88, -487265 ] , 
[89, -1277054 ] , 
[90, -1327026 ] , 
[90, -501190 ] , 
[90, -366855 ] , 
[91, -1276593 ] , 
[91, -993556 ] , 
[91, -823523 ] , 
[91, -817848 ] , 
[92, -1230312 ] , 
[92, -798931 ] , 
[92, -795893 ] , 
[92, -706976 ] , 
[92, -448795 ] , 
[92, -202704 ] , 
[92, -126081 ] , 
[93, -1377448 ] , 
[93, -1074664 ] , 
[93, -590839 ] , 
[93, -472532 ] , 
[93, -105494 ] , 
[94, -1230004 ] , 
[94, -384642 ] , 
[95, -1348890 ] , 
[95, -528917 ] , 
[95, -184772 ] , 
[95, -149759 ] , 
[95, -133061 ] , 
[97, -1282071 ] , 
[97, -1089875 ] , 
[97, -964619 ] , 
[97, -409309 ] , 
[98, -1434915 ] , 
[98, -1127658 ] , 
[98, -818229 ] , 
[98, -463811 ] , 
[99, -1264245 ] , 
[99, -1138200 ] , 
[99, -184320 ] , 
[3770, -1160724 ] , 
[4157, -703546 ] , 
[5160, -222280 ] , 
[6600, -368531 ] , 
[18899, -1191012 ] , 
[31260, -642599 ] , 
[37301, -597968 ] , 
[38696, -655202 ] , 
[46070, -1090090 ] , 
[50802, -15566 ] , 
[61770, -541224 ] , 
[62405, -354531 ] , 
[62958, -1001130 ] , 
[74740, -888336 ] , 
[75930, -1102477 ] , 
[77233, -701901 ] , 
[80324, -335733 ] , 
[81063, -877088 ] , 
[82311, -1254824 ] , 
[83885, -1305820 ] , 
[86692, -838876 ] , 
[86920, -1116804 ] , 
[88792, -1007717 ] , 
[90840, -741937 ] , 
[91399, -1156313 ] , 
[100061, -1416000 ] , 
[104465, -1042511 ] , 
[106672, -677662 ] , 
[106857, -1227860 ] , 
[115955, -571309 ] , 
[125663, -599278 ] , 
[134721, -1022926 ] , 
[140106, -80879 ] , 
[156262, -1249942 ] , 
[161691, -1015245 ] , 
[163590, -857377 ] , 
[164159, -800430 ] , 
[167585, -1257463 ] , 
[189366, -1427711 ] , 
[201126, -1430863 ] , 
[202617, -198983 ] , 
[207536, -195895 ] , 
[209210, -970751 ] , 
[217680, -179391 ] , 
[225259, -663216 ] , 
[225783, -569152 ] , 
[226816, -1331764 ] , 
[257376, -980013 ] , 
[262984, -280717 ] , 
[263892, -1156106 ] , 
[265866, -292503 ] , 
[273202, -1158802 ] , 
[282659, -632817 ] , 
[283077, -122922 ] , 
[290989, -1382624 ] , 
[291141, -967435 ] , 
[295181, -909831 ] , 
[304558, -485350 ] , 
[317955, -897417 ] , 
[324080, -1028402 ] , 
[328659, -754749 ] , 
[332044, -138716 ] , 
[332146, -1199648 ] , 
[332808, -508776 ] , 
[339318, -1234428 ] , 
[344735, -193387 ] , 
[353360, -894890 ] , 
[366019, -382651 ] , 
[371761, -972862 ] , 
[372535, -115919 ] , 
[389013, -1069099 ] , 
[395451, -1081061 ] , 
[410742, -168209 ] , 
[412949, -1409673 ] , 
[414290, -927138 ] , 
[416525, -878140 ] , 
[434348, -723547 ] , 
[435334, -976572 ] , 
[436022, -565993 ] , 
[436426, -789910 ] , 
[443689, -810614 ] , 
[445750, -863610 ] , 
[448332, -420693 ] , 
[450059, -271151 ] , 
[457924, -608035 ] , 
[458068, -907652 ] , 
[468125, -1101044 ] , 
[477982, -197352 ] , 
[481557, -679212 ] , 
[483225, -488046 ] , 
[489227, -1248082 ] , 
[496497, -1151087 ] , 
[500076, -862340 ] , 
[503248, -709926 ] , 
[507361, -1151115 ] , 
[508611, -451146 ] , 
[522298, -440716 ] , 
[524957, -1196504 ] , 
[525899, -1258860 ] , 
[530134, -1303492 ] , 
[535591, -1305127 ] , 
[542704, -663742 ] , 
[549313, -1275656 ] , 
[558352, -478383 ] , 
[559598, -1112123 ] , 
[562980, -487799 ] , 
[563308, -102871 ] , 
[567235, -824565 ] , 
[577098, -1287650 ] , 
[577631, -390036 ] , 
[586749, -877947 ] , 
[588512, -904211 ] , 
[597564, -877939 ] , 
[601700, -1081245 ] , 
[603348, -1367950 ] , 
[603990, -1258650 ] , 
[604534, -1490454 ] , 
[607931, -47415 ] , 
[608746, -1039555 ] , 
[608903, -230160 ] , 
[611328, -749130 ] , 
[617372, -44031 ] , 
[618660, -1259871 ] , 
[620213, -972263 ] , 
[624539, -357533 ] , 
[628797, -1442598 ] , 
[629203, -1117476 ] , 
[630562, -1101669 ] , 
[634696, -1149391 ] , 
[635281, -551374 ] , 
[651401, -651702 ] , 
[651650, -200574 ] , 
[654744, -900694 ] , 
[657886, -350521 ] , 
[658446, -24335 ] , 
[662616, -713095 ] , 
[662706, -1067199 ] , 
[672953, -495319 ] , 
[677349, -1159697 ] , 
[681321, -1097995 ] , 
[686014, -283335 ] , 
[688070, -1223873 ] , 
[690151, -666115 ] , 
[692974, -264496 ] , 
[698103, -436506 ] , 
[705388, -1484416 ] , 
[710134, -451984 ] , 
[712512, -1239505 ] , 
[723706, -336168 ] , 
[731928, -148819 ] , 
[749172, -1352259 ] , 
[753146, -921173 ] , 
[753417, -361082 ] , 
[757178, -16741 ] , 
[757919, -576423 ] , 
[759761, -561219 ] , 
[765052, -1320368 ] , 
[767736, -109596 ] , 
[769382, -559746 ] , 
[774250, -814534 ] , 
[788957, -996503 ] , 
[792068, -970714 ] , 
[795450, -1166940 ] , 
[797345, -1326024 ] , 
[809709, -504585 ] , 
[814809, -1317265 ] , 
[815243, -655448 ] , 
[831524, -1474489 ] , 
[852481, -85613 ] , 
[852502, -834295 ] , 
[853269, -1145797 ] , 
[874724, -811790 ] , 
[876255, -817548 ] , 
[880049, -1203466 ] , 
[882509, -756350 ] , 
[883430, -778774 ] , 
[886114, -270027 ] , 
[891085, -365925 ] , 
[901429, -1474613 ] , 
[906687, -1156913 ] , 
[911712, -678648 ] , 
[917191, -1250588 ] , 
[917629, -1355547 ] , 
[921797, -534881 ] , 
[939277, -612732 ] , 
[943822, -12599 ] , 
[952947, -985316 ] , 
[957607, -319546 ] , 
[969087, -1035668 ] , 
[973455, -65600 ] , 
[985611, -958582 ] , 
[987534, -340549 ] , 
[988489, -478609 ] , 
[990903, -1480632 ] , 
[992199, -391031 ] , 
[1006751, -1029930 ] , 
[1018177, -710705 ] , 
[1039322, -274388 ] , 
[1044511, -401494 ] , 
[1045250, -1441344 ] , 
[1048868, -102875 ] , 
[1050644, -36853 ] , 
[1050807, -492044 ] , 
[1055254, -922811 ] , 
[1061191, -1321089 ] , 
[1062923, -1287084 ] , 
[1063039, -914750 ] , 
[1065233, -689149 ] , 
[1068172, -372189 ] , 
[1068399, -227096 ] , 
[1078610, -886828 ] , 
[1086625, -634616 ] , 
[1087082, -706911 ] , 
[1102122, -883011 ] , 
[1108112, -1442178 ] , 
[1108122, -497933 ] , 
[1108888, -881476 ] , 
[1123128, -4854 ] , 
[1130634, -141450 ] , 
[1133108, -1417879 ] , 
[1135000, -707941 ] , 
[1136555, -88745 ] , 
[1136755, -73121 ] , 
[1144400, -583890 ] , 
[1147938, -1002912 ] , 
[1151863, -214614 ] , 
[1157138, -517488 ] , 
[1157674, -519457 ] , 
[1169286, -815485 ] , 
[1186859, -1033995 ] , 
[1187044, -236093 ] , 
[1188983, -711429 ] , 
[1195835, -1266798 ] , 
[1195906, -1270436 ] , 
[1206637, -818965 ] , 
[1207034, -1479479 ] , 
[1212424, -547738 ] , 
[1215969, -890625 ] , 
[1224780, -1418179 ] , 
[1228834, -1395803 ] , 
[1232132, -342767 ] , 
[1235877, -70257 ] , 
[1238200, -1239807 ] , 
[1246701, -256977 ] , 
[1246924, -65788 ] , 
[1250864, -517717 ] , 
[1256657, -1164017 ] , 
[1257065, -1019306 ] , 
[1257507, -1395789 ] , 
[1258861, -1467095 ] , 
[1259066, -313660 ] , 
[1278308, -291928 ] , 
[1280697, -1282527 ] , 
[1281515, -666758 ] , 
[1282877, -120026 ] , 
[1287478, -47875 ] , 
[1288333, -35195 ] , 
[1292846, -1401973 ] , 
[1294726, -682005 ] , 
[1307566, -206743 ] , 
[1311179, -812635 ] , 
[1312775, -262377 ] , 
[1321083, -282355 ] , 
[1322537, -842893 ] , 
[1324389, -1242656 ] , 
[1327440, -1198949 ] , 
[1341603, -354235 ] , 
[1343839, -918112 ] , 
[1350712, -132623 ] , 
[1352409, -1368649 ] , 
[1353250, -733249 ] , 
[1355747, -963413 ] , 
[1361975, -1235904 ] , 
[1379793, -1489256 ] , 
[1381645, -272216 ] , 
[1382758, -103989 ] , 
[1393413, -1191276 ] , 
[1398507, -58539 ] , 
[1399782, -647848 ] , 
[1401075, -405933 ] , 
[1401637, -1019836 ] , 
[1402876, -737155 ] , 
[1414103, -676517 ] , 
[1414826, -1072650 ] , 
[1424863, -1425820 ] , 
[1426525, -1222341 ] , 
[1429609, -1087869 ] , 
[1429984, -1343419 ] , 
[1432155, -265935 ] , 
[1451347, -914417 ] , 
[1452974, -1186645 ] , 
[1455984, -411508 ] , 
[1457439, -1117946 ] , 
[1460749, -162766 ] , 
[1468900, -1380419 ] , 
[1472298, -465571 ] , 
[1473462, -1460529 ] , 
[1473810, -1133193 ] , 
[1474546, -53818 ] , 
[1488231, -699831 ] , 
[1490555, -1319534 ] , 
[1493976, -1269822 ] , 

		-> := 
( [-272511, 1046234 ] -> [-272510, 1046235 ] )  , 
( [-272511, 1046234 ] -> [-272411, 1046334 ] )  , 
( [-525684, 333338 ] -> [-525683, 333339 ] )  , 
( [-525684, 333338 ] -> [-525584, 333438 ] )  , 
( [-1080439, 1422255 ] -> [-1080438, 1422256 ] )  , 
( [-1080439, 1422255 ] -> [-1080339, 1422355 ] )  , 
( [-966559, 943813 ] -> [-966558, 943814 ] )  , 
( [-966559, 943813 ] -> [-966459, 943913 ] )  , 
( [-1036814, 1171181 ] -> [-1036813, 1171182 ] )  , 
( [-1036814, 1171181 ] -> [-1036714, 1171281 ] )  , 
( [-617301, 609590 ] -> [-617300, 609591 ] )  , 
( [-617301, 609590 ] -> [-617201, 609690 ] )  , 
( [-1271093, 1045603 ] -> [-1271092, 1045604 ] )  , 
( [-1271093, 1045603 ] -> [-1270993, 1045703 ] )  , 
( [-572126, 1347728 ] -> [-572125, 1347729 ] )  , 
( [-572126, 1347728 ] -> [-572026, 1347828 ] )  , 
( [-385870, 209795 ] -> [-385869, 209796 ] )  , 
( [-385870, 209795 ] -> [-385770, 209895 ] )  , 
( [-748520, 72985 ] -> [-748519, 72986 ] )  , 
( [-748520, 72985 ] -> [-748420, 73085 ] )  , 
( [-34395, 110418 ] -> [-34394, 110419 ] )  , 
( [-34395, 110418 ] -> [-34295, 110518 ] )  , 
( [-251596, 1372554 ] -> [-251595, 1372555 ] )  , 
( [-251596, 1372554 ] -> [-251496, 1372654 ] )  , 
( [-1004454, 845556 ] -> [-1004453, 845557 ] )  , 
( [-1004454, 845556 ] -> [-1004354, 845656 ] )  , 
( [-1443596, 187724 ] -> [-1443595, 187725 ] )  , 
( [-1443596, 187724 ] -> [-1443496, 187824 ] )  , 
( [-49142, 718199 ] -> [-49141, 718200 ] )  , 
( [-49142, 718199 ] -> [-49042, 718299 ] )  , 
( [-588433, 724925 ] -> [-588432, 724926 ] )  , 
( [-588433, 724925 ] -> [-588333, 725025 ] )  , 
( [-1149559, 1311538 ] -> [-1149558, 1311539 ] )  , 
( [-1149559, 1311538 ] -> [-1149459, 1311638 ] )  , 
( [-366148, 1299696 ] -> [-366147, 1299697 ] )  , 
( [-366148, 1299696 ] -> [-366048, 1299796 ] )  , 
( [-1427221, 1295660 ] -> [-1427220, 1295661 ] )  , 
( [-1427221, 1295660 ] -> [-1427121, 1295760 ] )  , 
( [-937707, 1119312 ] -> [-937706, 1119313 ] )  , 
( [-937707, 1119312 ] -> [-937607, 1119412 ] )  , 
( [-983915, 659552 ] -> [-983914, 659553 ] )  , 
( [-983915, 659552 ] -> [-983815, 659652 ] )  , 
( [-882964, 1313478 ] -> [-882963, 1313479 ] )  , 
( [-882964, 1313478 ] -> [-882864, 1313578 ] )  , 
( [-141460, 125986 ] -> [-141459, 125987 ] )  , 
( [-141460, 125986 ] -> [-141360, 126086 ] )  , 
( [-25307, 525412 ] -> [-25306, 525413 ] )  , 
( [-25307, 525412 ] -> [-25207, 525512 ] )  , 
( [-1377192, 753204 ] -> [-1377191, 753205 ] )  , 
( [-1377192, 753204 ] -> [-1377092, 753304 ] )  , 
( [-1177791, 616444 ] -> [-1177790, 616445 ] )  , 
( [-1177791, 616444 ] -> [-1177691, 616544 ] )  , 
( [-1226271, 52083 ] -> [-1226270, 52084 ] )  , 
( [-1226271, 52083 ] -> [-1226171, 52183 ] )  , 
( [-596584, 104683 ] -> [-596583, 104684 ] )  , 
( [-596584, 104683 ] -> [-596484, 104783 ] )  , 
( [-71589, 1133277 ] -> [-71588, 1133278 ] )  , 
( [-71589, 1133277 ] -> [-71489, 1133377 ] )  , 
( [-120179, 1204889 ] -> [-120178, 1204890 ] )  , 
( [-120179, 1204889 ] -> [-120079, 1204989 ] )  , 
( [-737927, 77580 ] -> [-737926, 77581 ] )  , 
( [-737927, 77580 ] -> [-737827, 77680 ] )  , 
( [-13028, 1052258 ] -> [-13027, 1052259 ] )  , 
( [-13028, 1052258 ] -> [-12928, 1052358 ] )  , 
( [-728010, 1404160 ] -> [-728009, 1404161 ] )  , 
( [-728010, 1404160 ] -> [-727910, 1404260 ] )  , 
( [-5551, 1340846 ] -> [-5550, 1340847 ] )  , 
( [-5551, 1340846 ] -> [-5451, 1340946 ] )  , 
( [-733834, 412878 ] -> [-733833, 412879 ] )  , 
( [-733834, 412878 ] -> [-733734, 412978 ] )  , 
( [-1371949, 188666 ] -> [-1371948, 188667 ] )  , 
( [-1371949, 188666 ] -> [-1371849, 188766 ] )  , 
( [-330729, 758435 ] -> [-330728, 758436 ] )  , 
( [-330729, 758435 ] -> [-330629, 758535 ] )  , 
( [-512802, 751325 ] -> [-512801, 751326 ] )  , 
( [-512802, 751325 ] -> [-512702, 751425 ] )  , 
( [-789587, 1360683 ] -> [-789586, 1360684 ] )  , 
( [-789587, 1360683 ] -> [-789487, 1360783 ] )  , 
( [-701342, 65979 ] -> [-701341, 65980 ] )  , 
( [-701342, 65979 ] -> [-701242, 66079 ] )  , 
( [-1164072, 594200 ] -> [-1164071, 594201 ] )  , 
( [-1164072, 594200 ] -> [-1163972, 594300 ] )  , 
( [-861993, 743837 ] -> [-861992, 743838 ] )  , 
( [-861993, 743837 ] -> [-861893, 743937 ] )  , 
( [-59670, 335219 ] -> [-59669, 335220 ] )  , 
( [-59670, 335219 ] -> [-59570, 335319 ] )  , 
( [-711635, 371133 ] -> [-711634, 371134 ] )  , 
( [-711635, 371133 ] -> [-711535, 371233 ] )  , 
( [-870384, 780065 ] -> [-870383, 780066 ] )  , 
( [-870384, 780065 ] -> [-870284, 780165 ] )  , 
( [-442417, 1445454 ] -> [-442416, 1445455 ] )  , 
( [-442417, 1445454 ] -> [-442317, 1445554 ] )  , 
( [-4152, 1473562 ] -> [-4151, 1473563 ] )  , 
( [-4152, 1473562 ] -> [-4052, 1473662 ] )  , 
( [-1407115, 1009952 ] -> [-1407114, 1009953 ] )  , 
( [-1407115, 1009952 ] -> [-1407015, 1010052 ] )  , 
( [-508850, 381612 ] -> [-508849, 381613 ] )  , 
( [-508850, 381612 ] -> [-508750, 381712 ] )  , 
( [-552511, 855923 ] -> [-552510, 855924 ] )  , 
( [-552511, 855923 ] -> [-552411, 856023 ] )  , 
( [-256016, 780643 ] -> [-256015, 780644 ] )  , 
( [-256016, 780643 ] -> [-255916, 780743 ] )  , 
( [-1030002, 719380 ] -> [-1030001, 719381 ] )  , 
( [-1030002, 719380 ] -> [-1029902, 719480 ] )  , 
( [-1093258, 1077986 ] -> [-1093257, 1077987 ] )  , 
( [-1093258, 1077986 ] -> [-1093158, 1078086 ] )  , 
( [-514701, 483622 ] -> [-514700, 483623 ] )  , 
( [-514701, 483622 ] -> [-514601, 483722 ] )  , 
( [-259199, 924642 ] -> [-259198, 924643 ] )  , 
( [-259199, 924642 ] -> [-259099, 924742 ] )  , 
( [-351843, 1349338 ] -> [-351842, 1349339 ] )  , 
( [-351843, 1349338 ] -> [-351743, 1349438 ] )  , 
( [-76929, 369501 ] -> [-76928, 369502 ] )  , 
( [-76929, 369501 ] -> [-76829, 369601 ] )  , 
( [-132680, 69511 ] -> [-132679, 69512 ] )  , 
( [-132680, 69511 ] -> [-132580, 69611 ] )  , 
( [-1379580, 1054202 ] -> [-1379579, 1054203 ] )  , 
( [-1379580, 1054202 ] -> [-1379480, 1054302 ] )  , 
( [-40863, 736584 ] -> [-40862, 736585 ] )  , 
( [-40863, 736584 ] -> [-40763, 736684 ] )  , 
( [-1022447, 1118620 ] -> [-1022446, 1118621 ] )  , 
( [-1022447, 1118620 ] -> [-1022347, 1118720 ] )  , 
( [-948330, 45416 ] -> [-948329, 45417 ] )  , 
( [-948330, 45416 ] -> [-948230, 45516 ] )  , 
( [-277812, 1179058 ] -> [-277811, 1179059 ] )  , 
( [-277812, 1179058 ] -> [-277712, 1179158 ] )  , 
( [-766986, 46751 ] -> [-766985, 46752 ] )  , 
( [-766986, 46751 ] -> [-766886, 46851 ] )  , 
( [-494296, 1373159 ] -> [-494295, 1373160 ] )  , 
( [-494296, 1373159 ] -> [-494196, 1373259 ] )  , 
( [-1237395, 1344272 ] -> [-1237394, 1344273 ] )  , 
( [-1237395, 1344272 ] -> [-1237295, 1344372 ] )  , 
( [-732029, 1088762 ] -> [-732028, 1088763 ] )  , 
( [-732029, 1088762 ] -> [-731929, 1088862 ] )  , 
( [-140646, 470250 ] -> [-140645, 470251 ] )  , 
( [-140646, 470250 ] -> [-140546, 470350 ] )  , 
( [-1125858, 723133 ] -> [-1125857, 723134 ] )  , 
( [-1125858, 723133 ] -> [-1125758, 723233 ] )  , 
( [-1415633, 1478671 ] -> [-1415632, 1478672 ] )  , 
( [-1415633, 1478671 ] -> [-1415533, 1478771 ] )  , 
( [-1328651, 823944 ] -> [-1328650, 823945 ] )  , 
( [-1328651, 823944 ] -> [-1328551, 824044 ] )  , 
( [-73289, 807595 ] -> [-73288, 807596 ] )  , 
( [-73289, 807595 ] -> [-73189, 807695 ] )  , 
( [-892181, 928774 ] -> [-892180, 928775 ] )  , 
( [-892181, 928774 ] -> [-892081, 928874 ] )  , 
( [-1217056, 1345884 ] -> [-1217055, 1345885 ] )  , 
( [-1217056, 1345884 ] -> [-1216956, 1345984 ] )  , 
( [-261710, 1410222 ] -> [-261709, 1410223 ] )  , 
( [-261710, 1410222 ] -> [-261610, 1410322 ] )  , 
( [-1226639, 629089 ] -> [-1226638, 629090 ] )  , 
( [-1226639, 629089 ] -> [-1226539, 629189 ] )  , 
( [-688870, 1079298 ] -> [-688869, 1079299 ] )  , 
( [-688870, 1079298 ] -> [-688770, 1079398 ] )  , 
( [-1229080, 378712 ] -> [-1229079, 378713 ] )  , 
( [-1229080, 378712 ] -> [-1228980, 378812 ] )  , 
( [-910477, 930081 ] -> [-910476, 930082 ] )  , 
( [-910477, 930081 ] -> [-910377, 930181 ] )  , 
( [-1344277, 287814 ] -> [-1344276, 287815 ] )  , 
( [-1344277, 287814 ] -> [-1344177, 287914 ] )  , 
( [-1000227, 689206 ] -> [-1000226, 689207 ] )  , 
( [-1000227, 689206 ] -> [-1000127, 689306 ] )  , 
( [-399605, 654152 ] -> [-399604, 654153 ] )  , 
( [-399605, 654152 ] -> [-399505, 654252 ] )  , 
( [-947400, 280892 ] -> [-947399, 280893 ] )  , 
( [-947400, 280892 ] -> [-947300, 280992 ] )  , 
( [-894401, 723294 ] -> [-894400, 723295 ] )  , 
( [-894401, 723294 ] -> [-894301, 723394 ] )  , 
( [-1043818, 499951 ] -> [-1043817, 499952 ] )  , 
( [-1043818, 499951 ] -> [-1043718, 500051 ] )  , 
( [-1080392, 1305250 ] -> [-1080391, 1305251 ] )  , 
( [-1080392, 1305250 ] -> [-1080292, 1305350 ] )  , 
( [-804675, 800572 ] -> [-804674, 800573 ] )  , 
( [-804675, 800572 ] -> [-804575, 800672 ] )  , 
( [-896357, 1042946 ] -> [-896356, 1042947 ] )  , 
( [-896357, 1042946 ] -> [-896257, 1043046 ] )  , 
( [-1428696, 1317405 ] -> [-1428695, 1317406 ] )  , 
( [-1428696, 1317405 ] -> [-1428596, 1317505 ] )  , 
( [-525923, 1044502 ] -> [-525922, 1044503 ] )  , 
( [-525923, 1044502 ] -> [-525823, 1044602 ] )  , 
( [-136913, 777805 ] -> [-136912, 777806 ] )  , 
( [-136913, 777805 ] -> [-136813, 777905 ] )  , 
( [-1440844, 829205 ] -> [-1440843, 829206 ] )  , 
( [-1440844, 829205 ] -> [-1440744, 829305 ] )  , 
( [-864244, 272649 ] -> [-864243, 272650 ] )  , 
( [-864244, 272649 ] -> [-864144, 272749 ] )  , 
( [-1271214, 240382 ] -> [-1271213, 240383 ] )  , 
( [-1271214, 240382 ] -> [-1271114, 240482 ] )  , 
( [-503867, 596150 ] -> [-503866, 596151 ] )  , 
( [-503867, 596150 ] -> [-503767, 596250 ] )  , 
( [-12120, 1099214 ] -> [-12119, 1099215 ] )  , 
( [-12120, 1099214 ] -> [-12020, 1099314 ] )  , 
( [-1128722, 1286256 ] -> [-1128721, 1286257 ] )  , 
( [-1128722, 1286256 ] -> [-1128622, 1286356 ] )  , 
( [-1106811, 361244 ] -> [-1106810, 361245 ] )  , 
( [-1106811, 361244 ] -> [-1106711, 361344 ] )  , 
( [-1315904, 866361 ] -> [-1315903, 866362 ] )  , 
( [-1315904, 866361 ] -> [-1315804, 866461 ] )  , 
( [-1424834, 673469 ] -> [-1424833, 673470 ] )  , 
( [-1424834, 673469 ] -> [-1424734, 673569 ] )  , 
( [-585631, 767557 ] -> [-585630, 767558 ] )  , 
( [-585631, 767557 ] -> [-585531, 767657 ] )  , 
( [-383396, 1142483 ] -> [-383395, 1142484 ] )  , 
( [-383396, 1142483 ] -> [-383296, 1142583 ] )  , 
( [-991089, 1483588 ] -> [-991088, 1483589 ] )  , 
( [-991089, 1483588 ] -> [-990989, 1483688 ] )  , 
( [-68241, 1363105 ] -> [-68240, 1363106 ] )  , 
( [-68241, 1363105 ] -> [-68141, 1363205 ] )  , 
( [-1167149, 704172 ] -> [-1167148, 704173 ] )  , 
( [-1167149, 704172 ] -> [-1167049, 704272 ] )  , 
( [-1352304, 937416 ] -> [-1352303, 937417 ] )  , 
( [-1352304, 937416 ] -> [-1352204, 937516 ] )  , 
( [-9412, 149996 ] -> [-9411, 149997 ] )  , 
( [-9412, 149996 ] -> [-9312, 150096 ] )  , 
( [-891544, 1027086 ] -> [-891543, 1027087 ] )  , 
( [-891544, 1027086 ] -> [-891444, 1027186 ] )  , 
( [-979577, 152080 ] -> [-979576, 152081 ] )  , 
( [-979577, 152080 ] -> [-979477, 152180 ] )  , 
( [-1434451, 1160174 ] -> [-1434450, 1160175 ] )  , 
( [-1434451, 1160174 ] -> [-1434351, 1160274 ] )  , 
( [-341100, 1224196 ] -> [-341099, 1224197 ] )  , 
( [-341100, 1224196 ] -> [-341000, 1224296 ] )  , 
( [-327324, 273286 ] -> [-327323, 273287 ] )  , 
( [-327324, 273286 ] -> [-327224, 273386 ] )  , 
( [-1220737, 938377 ] -> [-1220736, 938378 ] )  , 
( [-1220737, 938377 ] -> [-1220637, 938477 ] )  , 
( [-548341, 1461835 ] -> [-548340, 1461836 ] )  , 
( [-548341, 1461835 ] -> [-548241, 1461935 ] )  , 
( [-726202, 1201339 ] -> [-726201, 1201340 ] )  , 
( [-726202, 1201339 ] -> [-726102, 1201439 ] )  , 
( [-86267, 628460 ] -> [-86266, 628461 ] )  , 
( [-86267, 628460 ] -> [-86167, 628560 ] )  , 
( [-649207, 793746 ] -> [-649206, 793747 ] )  , 
( [-649207, 793746 ] -> [-649107, 793846 ] )  , 
( [-937035, 241408 ] -> [-937034, 241409 ] )  , 
( [-937035, 241408 ] -> [-936935, 241508 ] )  , 
( [-724120, 1097101 ] -> [-724119, 1097102 ] )  , 
( [-724120, 1097101 ] -> [-724020, 1097201 ] )  , 
( [-98073, 898992 ] -> [-98072, 898993 ] )  , 
( [-98073, 898992 ] -> [-97973, 899092 ] )  , 
( [-189518, 784343 ] -> [-189517, 784344 ] )  , 
( [-189518, 784343 ] -> [-189418, 784443 ] )  , 
( [-952294, 1354321 ] -> [-952293, 1354322 ] )  , 
( [-952294, 1354321 ] -> [-952194, 1354421 ] )  , 
( [-1252256, 1308639 ] -> [-1252255, 1308640 ] )  , 
( [-1252256, 1308639 ] -> [-1252156, 1308739 ] )  , 
( [-1290897, 473520 ] -> [-1290896, 473521 ] )  , 
( [-1290897, 473520 ] -> [-1290797, 473620 ] )  , 
( [-21309, 651377 ] -> [-21308, 651378 ] )  , 
( [-21309, 651377 ] -> [-21209, 651477 ] )  , 
( [-1084534, 455747 ] -> [-1084533, 455748 ] )  , 
( [-1084534, 455747 ] -> [-1084434, 455847 ] )  , 
( [-240021, 755789 ] -> [-240020, 755790 ] )  , 
( [-240021, 755789 ] -> [-239921, 755889 ] )  , 
( [-1433421, 594483 ] -> [-1433420, 594484 ] )  , 
( [-1433421, 594483 ] -> [-1433321, 594583 ] )  , 
( [-960268, 347349 ] -> [-960267, 347350 ] )  , 
( [-960268, 347349 ] -> [-960168, 347449 ] )  , 
( [-1312409, 1008033 ] -> [-1312408, 1008034 ] )  , 
( [-1312409, 1008033 ] -> [-1312309, 1008133 ] )  , 
( [-985089, 309199 ] -> [-985088, 309200 ] )  , 
( [-985089, 309199 ] -> [-984989, 309299 ] )  , 
( [-985420, 852882 ] -> [-985419, 852883 ] )  , 
( [-985420, 852882 ] -> [-985320, 852982 ] )  , 
( [-1387063, 882596 ] -> [-1387062, 882597 ] )  , 
( [-1387063, 882596 ] -> [-1386963, 882696 ] )  , 
( [-545425, 1003743 ] -> [-545424, 1003744 ] )  , 
( [-545425, 1003743 ] -> [-545325, 1003843 ] )  , 
( [-552445, 602254 ] -> [-552444, 602255 ] )  , 
( [-552445, 602254 ] -> [-552345, 602354 ] )  , 
( [-1013633, 1235898 ] -> [-1013632, 1235899 ] )  , 
( [-1013633, 1235898 ] -> [-1013533, 1235998 ] )  , 
( [-1229504, 62861 ] -> [-1229503, 62862 ] )  , 
( [-1229504, 62861 ] -> [-1229404, 62961 ] )  , 
( [-851591, 904851 ] -> [-851590, 904852 ] )  , 
( [-851591, 904851 ] -> [-851491, 904951 ] )  , 
( [-682264, 604658 ] -> [-682263, 604659 ] )  , 
( [-682264, 604658 ] -> [-682164, 604758 ] )  , 
( [-470592, 430081 ] -> [-470591, 430082 ] )  , 
( [-470592, 430081 ] -> [-470492, 430181 ] )  , 
( [-762934, 1098923 ] -> [-762933, 1098924 ] )  , 
( [-762934, 1098923 ] -> [-762834, 1099023 ] )  , 
( [-1401557, 1200953 ] -> [-1401556, 1200954 ] )  , 
( [-1401557, 1200953 ] -> [-1401457, 1201053 ] )  , 
( [-138625, 913073 ] -> [-138624, 913074 ] )  , 
( [-138625, 913073 ] -> [-138525, 913173 ] )  , 
( [-767840, 838791 ] -> [-767839, 838792 ] )  , 
( [-767840, 838791 ] -> [-767740, 838891 ] )  , 
( [-1341486, 7207 ] -> [-1341485, 7208 ] )  , 
( [-1341486, 7207 ] -> [-1341386, 7307 ] )  , 
( [-1030426, 1325653 ] -> [-1030425, 1325654 ] )  , 
( [-1030426, 1325653 ] -> [-1030326, 1325753 ] )  , 
( [-168171, 1060876 ] -> [-168170, 1060877 ] )  , 
( [-168171, 1060876 ] -> [-168071, 1060976 ] )  , 
( [-976225, 788294 ] -> [-976224, 788295 ] )  , 
( [-976225, 788294 ] -> [-976125, 788394 ] )  , 
( [-1165159, 328516 ] -> [-1165158, 328517 ] )  , 
( [-1165159, 328516 ] -> [-1165059, 328616 ] )  , 
( [-1191504, 34462 ] -> [-1191503, 34463 ] )  , 
( [-1191504, 34462 ] -> [-1191404, 34562 ] )  , 
( [-714256, 327879 ] -> [-714255, 327880 ] )  , 
( [-714256, 327879 ] -> [-714156, 327979 ] )  , 
( [912321, 1390702 ] -> [912322, 1390701 ] )  , 
( [912321, 1390702 ] -> [912421, 1390602 ] )  , 
( [10732, 317523 ] -> [10733, 317522 ] )  , 
( [10732, 317523 ] -> [10832, 317423 ] )  , 
( [566011, 177792 ] -> [566012, 177791 ] )  , 
( [566011, 177792 ] -> [566111, 177692 ] )  , 
( [415338, 629025 ] -> [415339, 629024 ] )  , 
( [415338, 629025 ] -> [415438, 628925 ] )  , 
( [782240, 111517 ] -> [782241, 111516 ] )  , 
( [782240, 111517 ] -> [782340, 111417 ] )  , 
( [655112, 442388 ] -> [655113, 442387 ] )  , 
( [655112, 442388 ] -> [655212, 442288 ] )  , 
( [810763, 1245214 ] -> [810764, 1245213 ] )  , 
( [810763, 1245214 ] -> [810863, 1245114 ] )  , 
( [150641, 249871 ] -> [150642, 249870 ] )  , 
( [150641, 249871 ] -> [150741, 249771 ] )  , 
( [847897, 1319566 ] -> [847898, 1319565 ] )  , 
( [847897, 1319566 ] -> [847997, 1319466 ] )  , 
( [1004437, 1450538 ] -> [1004438, 1450537 ] )  , 
( [1004437, 1450538 ] -> [1004537, 1450438 ] )  , 
( [370789, 176208 ] -> [370790, 176207 ] )  , 
( [370789, 176208 ] -> [370889, 176108 ] )  , 
( [350294, 256331 ] -> [350295, 256330 ] )  , 
( [350294, 256331 ] -> [350394, 256231 ] )  , 
( [1279946, 44632 ] -> [1279947, 44631 ] )  , 
( [1279946, 44632 ] -> [1280046, 44532 ] )  , 
( [883788, 622977 ] -> [883789, 622976 ] )  , 
( [883788, 622977 ] -> [883888, 622877 ] )  , 
( [1018865, 821045 ] -> [1018866, 821044 ] )  , 
( [1018865, 821045 ] -> [1018965, 820945 ] )  , 
( [822060, 1377568 ] -> [822061, 1377567 ] )  , 
( [822060, 1377568 ] -> [822160, 1377468 ] )  , 
( [72866, 1479895 ] -> [72867, 1479894 ] )  , 
( [72866, 1479895 ] -> [72966, 1479795 ] )  , 
( [788728, 1095789 ] -> [788729, 1095788 ] )  , 
( [788728, 1095789 ] -> [788828, 1095689 ] )  , 
( [1191252, 248482 ] -> [1191253, 248481 ] )  , 
( [1191252, 248482 ] -> [1191352, 248382 ] )  , 
( [428608, 486894 ] -> [428609, 486893 ] )  , 
( [428608, 486894 ] -> [428708, 486794 ] )  , 
( [115279, 572291 ] -> [115280, 572290 ] )  , 
( [115279, 572291 ] -> [115379, 572191 ] )  , 
( [1373960, 930484 ] -> [1373961, 930483 ] )  , 
( [1373960, 930484 ] -> [1374060, 930384 ] )  , 
( [1361479, 1460706 ] -> [1361480, 1460705 ] )  , 
( [1361479, 1460706 ] -> [1361579, 1460606 ] )  , 
( [1301202, 1391257 ] -> [1301203, 1391256 ] )  , 
( [1301202, 1391257 ] -> [1301302, 1391157 ] )  , 
( [856817, 888137 ] -> [856818, 888136 ] )  , 
( [856817, 888137 ] -> [856917, 888037 ] )  , 
( [661581, 711966 ] -> [661582, 711965 ] )  , 
( [661581, 711966 ] -> [661681, 711866 ] )  , 
( [342588, 1392922 ] -> [342589, 1392921 ] )  , 
( [342588, 1392922 ] -> [342688, 1392822 ] )  , 
( [128901, 1344334 ] -> [128902, 1344333 ] )  , 
( [128901, 1344334 ] -> [129001, 1344234 ] )  , 
( [786947, 1278297 ] -> [786948, 1278296 ] )  , 
( [786947, 1278297 ] -> [787047, 1278197 ] )  , 
( [796890, 47814 ] -> [796891, 47813 ] )  , 
( [796890, 47814 ] -> [796990, 47714 ] )  , 
( [799085, 2136 ] -> [799086, 2135 ] )  , 
( [799085, 2136 ] -> [799185, 2036 ] )  , 
( [1032859, 1415866 ] -> [1032860, 1415865 ] )  , 
( [1032859, 1415866 ] -> [1032959, 1415766 ] )  , 
( [1091133, 1109019 ] -> [1091134, 1109018 ] )  , 
( [1091133, 1109019 ] -> [1091233, 1108919 ] )  , 
( [1240163, 1152956 ] -> [1240164, 1152955 ] )  , 
( [1240163, 1152956 ] -> [1240263, 1152856 ] )  , 
( [333794, 56249 ] -> [333795, 56248 ] )  , 
( [333794, 56249 ] -> [333894, 56149 ] )  , 
( [146214, 283482 ] -> [146215, 283481 ] )  , 
( [146214, 283482 ] -> [146314, 283382 ] )  , 
( [1255846, 187060 ] -> [1255847, 187059 ] )  , 
( [1255846, 187060 ] -> [1255946, 186960 ] )  , 
( [988064, 451517 ] -> [988065, 451516 ] )  , 
( [988064, 451517 ] -> [988164, 451417 ] )  , 
( [391183, 1296145 ] -> [391184, 1296144 ] )  , 
( [391183, 1296145 ] -> [391283, 1296045 ] )  , 
( [831600, 1311640 ] -> [831601, 1311639 ] )  , 
( [831600, 1311640 ] -> [831700, 1311540 ] )  , 
( [751458, 909297 ] -> [751459, 909296 ] )  , 
( [751458, 909297 ] -> [751558, 909197 ] )  , 
( [11650, 401201 ] -> [11651, 401200 ] )  , 
( [11650, 401201 ] -> [11750, 401101 ] )  , 
( [21553, 616774 ] -> [21554, 616773 ] )  , 
( [21553, 616774 ] -> [21653, 616674 ] )  , 
( [152696, 960531 ] -> [152697, 960530 ] )  , 
( [152696, 960531 ] -> [152796, 960431 ] )  , 
( [813400, 1157263 ] -> [813401, 1157262 ] )  , 
( [813400, 1157263 ] -> [813500, 1157163 ] )  , 
( [800080, 1012794 ] -> [800081, 1012793 ] )  , 
( [800080, 1012794 ] -> [800180, 1012694 ] )  , 
( [972336, 1149853 ] -> [972337, 1149852 ] )  , 
( [972336, 1149853 ] -> [972436, 1149753 ] )  , 
( [1023076, 100371 ] -> [1023077, 100370 ] )  , 
( [1023076, 100371 ] -> [1023176, 100271 ] )  , 
( [988190, 848602 ] -> [988191, 848601 ] )  , 
( [988190, 848602 ] -> [988290, 848502 ] )  , 
( [1142007, 255634 ] -> [1142008, 255633 ] )  , 
( [1142007, 255634 ] -> [1142107, 255534 ] )  , 
( [1221890, 1207938 ] -> [1221891, 1207937 ] )  , 
( [1221890, 1207938 ] -> [1221990, 1207838 ] )  , 
( [448862, 745485 ] -> [448863, 745484 ] )  , 
( [448862, 745485 ] -> [448962, 745385 ] )  , 
( [52993, 865323 ] -> [52994, 865322 ] )  , 
( [52993, 865323 ] -> [53093, 865223 ] )  , 
( [138329, 685819 ] -> [138330, 685818 ] )  , 
( [138329, 685819 ] -> [138429, 685719 ] )  , 
( [693494, 278975 ] -> [693495, 278974 ] )  , 
( [693494, 278975 ] -> [693594, 278875 ] )  , 
( [1150645, 630472 ] -> [1150646, 630471 ] )  , 
( [1150645, 630472 ] -> [1150745, 630372 ] )  , 
( [457206, 851970 ] -> [457207, 851969 ] )  , 
( [457206, 851970 ] -> [457306, 851870 ] )  , 
( [944664, 708778 ] -> [944665, 708777 ] )  , 
( [944664, 708778 ] -> [944764, 708678 ] )  , 
( [702079, 851003 ] -> [702080, 851002 ] )  , 
( [702079, 851003 ] -> [702179, 850903 ] )  , 
( [1134359, 1466103 ] -> [1134360, 1466102 ] )  , 
( [1134359, 1466103 ] -> [1134459, 1466003 ] )  , 
( [1493536, 542696 ] -> [1493537, 542695 ] )  , 
( [1493536, 542696 ] -> [1493636, 542596 ] )  , 
( [1266163, 1422961 ] -> [1266164, 1422960 ] )  , 
( [1266163, 1422961 ] -> [1266263, 1422861 ] )  , 
( [1451658, 1202118 ] -> [1451659, 1202117 ] )  , 
( [1451658, 1202118 ] -> [1451758, 1202018 ] )  , 
( [209817, 764028 ] -> [209818, 764027 ] )  , 
( [209817, 764028 ] -> [209917, 763928 ] )  , 
( [890132, 962167 ] -> [890133, 962166 ] )  , 
( [890132, 962167 ] -> [890232, 962067 ] )  , 
( [965977, 1414128 ] -> [965978, 1414127 ] )  , 
( [965977, 1414128 ] -> [966077, 1414028 ] )  , 
( [513506, 1391488 ] -> [513507, 1391487 ] )  , 
( [513506, 1391488 ] -> [513606, 1391388 ] )  , 
( [11665, 177552 ] -> [11666, 177551 ] )  , 
( [11665, 177552 ] -> [11765, 177452 ] )  , 
( [619620, 100283 ] -> [619621, 100282 ] )  , 
( [619620, 100283 ] -> [619720, 100183 ] )  , 
( [1233038, 1180492 ] -> [1233039, 1180491 ] )  , 
( [1233038, 1180492 ] -> [1233138, 1180392 ] )  , 
( [661571, 1251445 ] -> [661572, 1251444 ] )  , 
( [661571, 1251445 ] -> [661671, 1251345 ] )  , 
( [1205490, 856760 ] -> [1205491, 856759 ] )  , 
( [1205490, 856760 ] -> [1205590, 856660 ] )  , 
( [224354, 771525 ] -> [224355, 771524 ] )  , 
( [224354, 771525 ] -> [224454, 771425 ] )  , 
( [1330574, 1234998 ] -> [1330575, 1234997 ] )  , 
( [1330574, 1234998 ] -> [1330674, 1234898 ] )  , 
( [945164, 289919 ] -> [945165, 289918 ] )  , 
( [945164, 289919 ] -> [945264, 289819 ] )  , 
( [824054, 80595 ] -> [824055, 80594 ] )  , 
( [824054, 80595 ] -> [824154, 80495 ] )  , 
( [783113, 266804 ] -> [783114, 266803 ] )  , 
( [783113, 266804 ] -> [783213, 266704 ] )  , 
( [601429, 262832 ] -> [601430, 262831 ] )  , 
( [601429, 262832 ] -> [601529, 262732 ] )  , 
( [384383, 1292402 ] -> [384384, 1292401 ] )  , 
( [384383, 1292402 ] -> [384483, 1292302 ] )  , 
( [1127418, 672201 ] -> [1127419, 672200 ] )  , 
( [1127418, 672201 ] -> [1127518, 672101 ] )  , 
( [680175, 1255112 ] -> [680176, 1255111 ] )  , 
( [680175, 1255112 ] -> [680275, 1255012 ] )  , 
( [908536, 315637 ] -> [908537, 315636 ] )  , 
( [908536, 315637 ] -> [908636, 315537 ] )  , 
( [762447, 1060670 ] -> [762448, 1060669 ] )  , 
( [762447, 1060670 ] -> [762547, 1060570 ] )  , 
( [1062301, 18791 ] -> [1062302, 18790 ] )  , 
( [1062301, 18791 ] -> [1062401, 18691 ] )  , 
( [541976, 840442 ] -> [541977, 840441 ] )  , 
( [541976, 840442 ] -> [542076, 840342 ] )  , 
( [778963, 683806 ] -> [778964, 683805 ] )  , 
( [778963, 683806 ] -> [779063, 683706 ] )  , 
( [1090359, 33432 ] -> [1090360, 33431 ] )  , 
( [1090359, 33432 ] -> [1090459, 33332 ] )  , 
( [1400091, 1195950 ] -> [1400092, 1195949 ] )  , 
( [1400091, 1195950 ] -> [1400191, 1195850 ] )  , 
( [509103, 102976 ] -> [509104, 102975 ] )  , 
( [509103, 102976 ] -> [509203, 102876 ] )  , 
( [1180522, 1366348 ] -> [1180523, 1366347 ] )  , 
( [1180522, 1366348 ] -> [1180622, 1366248 ] )  , 
( [715717, 707562 ] -> [715718, 707561 ] )  , 
( [715717, 707562 ] -> [715817, 707462 ] )  , 
( [425937, 1066455 ] -> [425938, 1066454 ] )  , 
( [425937, 1066455 ] -> [426037, 1066355 ] )  , 
( [181237, 547957 ] -> [181238, 547956 ] )  , 
( [181237, 547957 ] -> [181337, 547857 ] )  , 
( [81787, 1364384 ] -> [81788, 1364383 ] )  , 
( [81787, 1364384 ] -> [81887, 1364284 ] )  , 
( [726794, 1135476 ] -> [726795, 1135475 ] )  , 
( [726794, 1135476 ] -> [726894, 1135376 ] )  , 
( [473707, 1264578 ] -> [473708, 1264577 ] )  , 
( [473707, 1264578 ] -> [473807, 1264478 ] )  , 
( [472755, 1366574 ] -> [472756, 1366573 ] )  , 
( [472755, 1366574 ] -> [472855, 1366474 ] )  , 
( [1131813, 1020456 ] -> [1131814, 1020455 ] )  , 
( [1131813, 1020456 ] -> [1131913, 1020356 ] )  , 
( [1247818, 178022 ] -> [1247819, 178021 ] )  , 
( [1247818, 178022 ] -> [1247918, 177922 ] )  , 
( [642540, 1233088 ] -> [642541, 1233087 ] )  , 
( [642540, 1233088 ] -> [642640, 1232988 ] )  , 
( [825221, 727628 ] -> [825222, 727627 ] )  , 
( [825221, 727628 ] -> [825321, 727528 ] )  , 
( [571294, 357865 ] -> [571295, 357864 ] )  , 
( [571294, 357865 ] -> [571394, 357765 ] )  , 
( [202034, 239926 ] -> [202035, 239925 ] )  , 
( [202034, 239926 ] -> [202134, 239826 ] )  , 
( [624935, 1485586 ] -> [624936, 1485585 ] )  , 
( [624935, 1485586 ] -> [625035, 1485486 ] )  , 
( [950787, 405589 ] -> [950788, 405588 ] )  , 
( [950787, 405589 ] -> [950887, 405489 ] )  , 
( [870684, 789045 ] -> [870685, 789044 ] )  , 
( [870684, 789045 ] -> [870784, 788945 ] )  , 
( [1002311, 1261004 ] -> [1002312, 1261003 ] )  , 
( [1002311, 1261004 ] -> [1002411, 1260904 ] )  , 
( [646276, 326603 ] -> [646277, 326602 ] )  , 
( [646276, 326603 ] -> [646376, 326503 ] )  , 
( [1206836, 1360392 ] -> [1206837, 1360391 ] )  , 
( [1206836, 1360392 ] -> [1206936, 1360292 ] )  , 
( [1086565, 712451 ] -> [1086566, 712450 ] )  , 
( [1086565, 712451 ] -> [1086665, 712351 ] )  , 
( [301924, 827270 ] -> [301925, 827269 ] )  , 
( [301924, 827270 ] -> [302024, 827170 ] )  , 
( [611, 1371016 ] -> [612, 1371015 ] )  , 
( [611, 1371016 ] -> [711, 1370916 ] )  , 
( [101596, 1331542 ] -> [101597, 1331541 ] )  , 
( [101596, 1331542 ] -> [101696, 1331442 ] )  , 
( [325201, 815201 ] -> [325202, 815200 ] )  , 
( [325201, 815201 ] -> [325301, 815101 ] )  , 
( [758171, 1270 ] -> [758172, 1269 ] )  , 
( [758171, 1270 ] -> [758271, 1170 ] )  , 
( [1356225, 219949 ] -> [1356226, 219948 ] )  , 
( [1356225, 219949 ] -> [1356325, 219849 ] )  , 
( [198792, 622725 ] -> [198793, 622724 ] )  , 
( [198792, 622725 ] -> [198892, 622625 ] )  , 
( [505498, 1356140 ] -> [505499, 1356139 ] )  , 
( [505498, 1356140 ] -> [505598, 1356040 ] )  , 
( [429182, 954183 ] -> [429183, 954182 ] )  , 
( [429182, 954183 ] -> [429282, 954083 ] )  , 
( [179693, 685551 ] -> [179694, 685550 ] )  , 
( [179693, 685551 ] -> [179793, 685451 ] )  , 
( [1274984, 1023806 ] -> [1274985, 1023805 ] )  , 
( [1274984, 1023806 ] -> [1275084, 1023706 ] )  , 
( [1301313, 536079 ] -> [1301314, 536078 ] )  , 
( [1301313, 536079 ] -> [1301413, 535979 ] )  , 
( [1164108, 982044 ] -> [1164109, 982043 ] )  , 
( [1164108, 982044 ] -> [1164208, 981944 ] )  , 
( [1326480, 1320257 ] -> [1326481, 1320256 ] )  , 
( [1326480, 1320257 ] -> [1326580, 1320157 ] )  , 
( [1440486, 16888 ] -> [1440487, 16887 ] )  , 
( [1440486, 16888 ] -> [1440586, 16788 ] )  , 
( [936554, 514429 ] -> [936555, 514428 ] )  , 
( [936554, 514429 ] -> [936654, 514329 ] )  , 
( [1472346, 204036 ] -> [1472347, 204035 ] )  , 
( [1472346, 204036 ] -> [1472446, 203936 ] )  , 
( [41952, 594227 ] -> [41953, 594226 ] )  , 
( [41952, 594227 ] -> [42052, 594127 ] )  , 
( [1095460, 152528 ] -> [1095461, 152527 ] )  , 
( [1095460, 152528 ] -> [1095560, 152428 ] )  , 
( [41173, 1082125 ] -> [41174, 1082124 ] )  , 
( [41173, 1082125 ] -> [41273, 1082025 ] )  , 
( [1374951, 258225 ] -> [1374952, 258224 ] )  , 
( [1374951, 258225 ] -> [1375051, 258125 ] )  , 
( [1215357, 701192 ] -> [1215358, 701191 ] )  , 
( [1215357, 701192 ] -> [1215457, 701092 ] )  , 
( [1365139, 1030128 ] -> [1365140, 1030127 ] )  , 
( [1365139, 1030128 ] -> [1365239, 1030028 ] )  , 
( [135166, 1273348 ] -> [135167, 1273347 ] )  , 
( [135166, 1273348 ] -> [135266, 1273248 ] )  , 
( [376527, 162070 ] -> [376528, 162069 ] )  , 
( [376527, 162070 ] -> [376627, 161970 ] )  , 
( [825537, 1479043 ] -> [825538, 1479042 ] )  , 
( [825537, 1479043 ] -> [825637, 1478943 ] )  , 
( [1191704, 506612 ] -> [1191705, 506611 ] )  , 
( [1191704, 506612 ] -> [1191804, 506512 ] )  , 
( [912937, 9082 ] -> [912938, 9081 ] )  , 
( [912937, 9082 ] -> [913037, 8982 ] )  , 
( [1006764, 1183612 ] -> [1006765, 1183611 ] )  , 
( [1006764, 1183612 ] -> [1006864, 1183512 ] )  , 
( [1032657, 1066862 ] -> [1032658, 1066861 ] )  , 
( [1032657, 1066862 ] -> [1032757, 1066762 ] )  , 
( [328019, 722939 ] -> [328020, 722938 ] )  , 
( [328019, 722939 ] -> [328119, 722839 ] )  , 
( [309216, 1490644 ] -> [309217, 1490643 ] )  , 
( [309216, 1490644 ] -> [309316, 1490544 ] )  , 
( [579, 533718 ] -> [580, 533717 ] )  , 
( [579, 533718 ] -> [679, 533618 ] )  , 
( [1243222, 661713 ] -> [1243223, 661712 ] )  , 
( [1243222, 661713 ] -> [1243322, 661613 ] )  , 
( [1306473, 263182 ] -> [1306474, 263181 ] )  , 
( [1306473, 263182 ] -> [1306573, 263082 ] )  , 
( [881812, 849352 ] -> [881813, 849351 ] )  , 
( [881812, 849352 ] -> [881912, 849252 ] )  , 
( [1422420, 1113949 ] -> [1422421, 1113948 ] )  , 
( [1422420, 1113949 ] -> [1422520, 1113849 ] )  , 
( [460106, 852645 ] -> [460107, 852644 ] )  , 
( [460106, 852645 ] -> [460206, 852545 ] )  , 
( [442414, 19239 ] -> [442415, 19238 ] )  , 
( [442414, 19239 ] -> [442514, 19139 ] )  , 
( [1330742, 1131461 ] -> [1330743, 1131460 ] )  , 
( [1330742, 1131461 ] -> [1330842, 1131361 ] )  , 
( [368471, 460445 ] -> [368472, 460444 ] )  , 
( [368471, 460445 ] -> [368571, 460345 ] )  , 





P = 0,t = 0:	((1*x + 1*y <= 0) /\ (0*x + 2*y <= 0) /\ (1*x + -1*y <= 0) /\ (0*x + -2*y <= 0)) \/ ((2*x + -2*y <= 0) /\ (-2*x + 0*y <= 0) /\ (1*x + -2*y <= 0))	(cost, a) = (0.0,-1)	   

P = 1,t = 0:	((1*x + 1*y <= 0) /\ (0*x + 2*y <= 0) /\ (1*x + -1*y <= 0) /\ (0*x + -2*y <= 0)) \/ ((2*x + -2*y <= 0) /\ (-2*x + 0*y <= 0) /\ (1*x + -2*y <= 0))	(cost, a) = (0.0,-1)	   

P = 2,t = 0:	((1*x + 1*y <= 0) /\ (0*x + 2*y <= 0) /\ (1*x + -1*y <= 0) /\ (0*x + -2*y <= 0)) \/ ((2*x + -2*y <= 0) /\ (-2*x + 0*y <= 0) /\ (1*x + -2*y <= 0))	(cost, a) = (0.0,-1)	   

P = 3,t = 0:	((1*x + 1*y <= 0) /\ (0*x + 2*y <= 0) /\ (1*x + -1*y <= 0) /\ (0*x + -2*y <= 0)) \/ ((2*x + -2*y <= 0) /\ (-2*x + 0*y <= 0) /\ (1*x + -2*y <= 0))	(cost, a) = (0.0,-1)	   

Z3 Call 1:
	Timeout = 0
	z3_correct = 0
	e value = 0.5

	Original-selection-points:

		+ := 
[0, 0 ] , 

		- := 
[-1497652, -694299 ] , 
[-1496888, -683792 ] , 
[-1491302, -1136955 ] , 
[-1490691, -450793 ] , 
[-1489520, -629473 ] , 
[-1486512, -321091 ] , 
[-1483804, -1060954 ] , 
[-1477360, -731047 ] , 
[-1464103, -997320 ] , 
[-1451285, -581820 ] , 
[-1443119, -1268606 ] , 
[-1443007, -500514 ] , 
[-1427640, -1300500 ] , 
[-1426996, -558178 ] , 
[-1425001, -1389250 ] , 
[-1422164, -405714 ] , 
[-1410295, -1273712 ] , 
[-1410059, -64827 ] , 
[-1406434, -736627 ] , 
[-1393656, -444148 ] , 
[-1393326, -1086554 ] , 
[-1381033, -924210 ] , 
[-1376017, -1195420 ] , 
[-1375429, -227642 ] , 
[-1369381, -1448501 ] , 
[-1368471, -512302 ] , 
[-1367491, -444915 ] , 
[-1360994, -553105 ] , 
[-1360249, -270295 ] , 
[-1347818, -238219 ] , 
[-1339782, -683160 ] , 
[-1330746, -649345 ] , 
[-1326932, -603642 ] , 
[-1326747, -1009917 ] , 
[-1320332, -339702 ] , 
[-1312023, -533894 ] , 
[-1310460, -601191 ] , 
[-1303943, -119078 ] , 
[-1301205, -832742 ] , 
[-1301103, -598315 ] , 
[-1298144, -235841 ] , 
[-1296236, -890126 ] , 
[-1285368, -71869 ] , 
[-1280275, -1012388 ] , 
[-1278642, -736089 ] , 
[-1268628, -1169266 ] , 
[-1265627, -1143798 ] , 
[-1265459, -83255 ] , 
[-1252345, -702390 ] , 
[-1249379, -650854 ] , 
[-1248277, -350239 ] , 
[-1246617, -809922 ] , 
[-1242296, -1264792 ] , 
[-1241829, -206688 ] , 
[-1234375, -1387034 ] , 
[-1230599, -908776 ] , 
[-1230067, -519780 ] , 
[-1227673, -454063 ] , 
[-1225568, -437338 ] , 
[-1221930, -19544 ] , 
[-1216897, -1066550 ] , 
[-1214580, -681363 ] , 
[-1201600, -28672 ] , 
[-1201211, -1285401 ] , 
[-1197985, -198438 ] , 
[-1193604, -652351 ] , 
[-1185827, -261365 ] , 
[-1180791, -1418698 ] , 
[-1179152, -782309 ] , 
[-1175353, -1208870 ] , 
[-1173452, -1032062 ] , 
[-1164067, -721372 ] , 
[-1160302, -1075772 ] , 
[-1149985, -734550 ] , 
[-1144684, -97582 ] , 
[-1142745, -1028416 ] , 
[-1142545, -16243 ] , 
[-1132619, -1141734 ] , 
[-1131153, -1415413 ] , 
[-1130185, -503003 ] , 
[-1126059, -1480911 ] , 
[-1122992, -1424766 ] , 
[-1122071, -892807 ] , 
[-1118671, -853682 ] , 
[-1110117, -621966 ] , 
[-1086281, -947881 ] , 
[-1083775, -361094 ] , 
[-1081864, -396400 ] , 
[-1078117, -795628 ] , 
[-1069962, -748662 ] , 
[-1069186, -396469 ] , 
[-1061828, -437469 ] , 
[-1056601, -466848 ] , 
[-1050907, -1092289 ] , 
[-1046430, -1129297 ] , 
[-1045926, -1067523 ] , 
[-1045590, -924169 ] , 
[-1042397, -429445 ] , 
[-1041485, -354164 ] , 
[-1040462, -419537 ] , 
[-1026519, -637309 ] , 
[-1024273, -139734 ] , 
[-1017788, -140712 ] , 
[-993147, -114071 ] , 
[-992890, -998125 ] , 
[-988526, -1489217 ] , 
[-988002, -248820 ] , 
[-984170, -239303 ] , 
[-981981, -1061819 ] , 
[-981326, -1185895 ] , 
[-963404, -203577 ] , 
[-961848, -754464 ] , 
[-953197, -922230 ] , 
[-949038, -1262098 ] , 
[-947274, -193629 ] , 
[-946730, -45834 ] , 
[-946433, -462169 ] , 
[-945446, -282506 ] , 
[-945263, -338281 ] , 
[-945109, -1180429 ] , 
[-943665, -127492 ] , 
[-937755, -1065927 ] , 
[-924335, -807542 ] , 
[-905466, -1000085 ] , 
[-889900, -1414133 ] , 
[-889412, -1214490 ] , 
[-876111, -119201 ] , 
[-874843, -991862 ] , 
[-871509, -594853 ] , 
[-844488, -584971 ] , 
[-842616, -948452 ] , 
[-835311, -444101 ] , 
[-833815, -122198 ] , 
[-830784, -697189 ] , 
[-827006, -361831 ] , 
[-818973, -1114890 ] , 
[-798291, -1402351 ] , 
[-797790, -1270076 ] , 
[-792676, -308446 ] , 
[-787953, -1243948 ] , 
[-784249, -66884 ] , 
[-764622, -1317227 ] , 
[-757874, -1022976 ] , 
[-749768, -488938 ] , 
[-740064, -618632 ] , 
[-731297, -289754 ] , 
[-730293, -839113 ] , 
[-730104, -907185 ] , 
[-729275, -1497879 ] , 
[-714038, -1056709 ] , 
[-711478, -807033 ] , 
[-702079, -654377 ] , 
[-701524, -1253648 ] , 
[-692978, -689922 ] , 
[-687798, -1124019 ] , 
[-680594, -1407805 ] , 
[-669156, -1083570 ] , 
[-668128, -223539 ] , 
[-666007, -1311651 ] , 
[-663688, -1352742 ] , 
[-657781, -14792 ] , 
[-655255, -1337592 ] , 
[-654094, -978578 ] , 
[-653740, -1189781 ] , 
[-650887, -14962 ] , 
[-650432, -199377 ] , 
[-639366, -610948 ] , 
[-634222, -948712 ] , 
[-634162, -664429 ] , 
[-621036, -1936 ] , 
[-620009, -998840 ] , 
[-619259, -693819 ] , 
[-618985, -1090172 ] , 
[-617782, -1178959 ] , 
[-609816, -1094590 ] , 
[-604654, -1406276 ] , 
[-602294, -566877 ] , 
[-601418, -700146 ] , 
[-597041, -716131 ] , 
[-595855, -1035104 ] , 
[-594510, -451414 ] , 
[-591673, -563404 ] , 
[-586917, -55866 ] , 
[-575363, -665812 ] , 
[-572600, -350649 ] , 
[-570814, -1180438 ] , 
[-569267, -982909 ] , 
[-568423, -898656 ] , 
[-565136, -541997 ] , 
[-564579, -1338475 ] , 
[-564519, -868491 ] , 
[-559246, -847822 ] , 
[-556004, -1109456 ] , 
[-552557, -831829 ] , 
[-551513, -1196794 ] , 
[-539384, -499255 ] , 
[-538801, -635175 ] , 
[-532548, -126638 ] , 
[-531533, -339861 ] , 
[-529999, -537453 ] , 
[-519314, -611847 ] , 
[-503330, -721720 ] , 
[-494584, -1187773 ] , 
[-493594, -1085305 ] , 
[-490481, -583683 ] , 
[-486680, -111891 ] , 
[-481808, -733657 ] , 
[-479090, -1254653 ] , 
[-463688, -1418760 ] , 
[-460855, -1259137 ] , 
[-457539, -674247 ] , 
[-456903, -1047415 ] , 
[-456689, -89411 ] , 
[-454647, -747115 ] , 
[-453989, -408457 ] , 
[-428675, -687621 ] , 
[-420884, -440216 ] , 
[-420764, -1005612 ] , 
[-418544, -184526 ] , 
[-417983, -674904 ] , 
[-415254, -82856 ] , 
[-409110, -1147763 ] , 
[-406826, -1394167 ] , 
[-403947, -720332 ] , 
[-403784, -500401 ] , 
[-399096, -150554 ] , 
[-394203, -338586 ] , 
[-392309, -785949 ] , 
[-389682, -1481114 ] , 
[-386986, -49277 ] , 
[-386859, -472349 ] , 
[-383833, -963560 ] , 
[-383626, -1318484 ] , 
[-380908, -620775 ] , 
[-379804, -43031 ] , 
[-377542, -513020 ] , 
[-369331, -1230577 ] , 
[-356983, -71897 ] , 
[-356134, -1145379 ] , 
[-351370, -926430 ] , 
[-350985, -1196668 ] , 
[-347994, -173075 ] , 
[-342278, -1302794 ] , 
[-330611, -612278 ] , 
[-314146, -779377 ] , 
[-300526, -1190960 ] , 
[-293521, -701943 ] , 
[-282660, -185849 ] , 
[-279459, -757690 ] , 
[-277432, -1155980 ] , 
[-270175, -310481 ] , 
[-267544, -630092 ] , 
[-262814, -1269075 ] , 
[-253650, -990262 ] , 
[-253278, -574724 ] , 
[-248003, -301365 ] , 
[-231857, -1244312 ] , 
[-227085, -622156 ] , 
[-226540, -938656 ] , 
[-217533, -67033 ] , 
[-200804, -800494 ] , 
[-194470, -920522 ] , 
[-193870, -398947 ] , 
[-192094, -522119 ] , 
[-189399, -747301 ] , 
[-181220, -1343141 ] , 
[-179139, -689556 ] , 
[-175287, -1149925 ] , 
[-168668, -725771 ] , 
[-164519, -533506 ] , 
[-149038, -40994 ] , 
[-143378, -513904 ] , 
[-140938, -237306 ] , 
[-130978, -369309 ] , 
[-130165, -1498936 ] , 
[-120595, -865481 ] , 
[-118601, -39100 ] , 
[-113867, -904494 ] , 
[-113064, -308254 ] , 
[-112832, -1093609 ] , 
[-106456, -1077603 ] , 
[-91187, -843001 ] , 
[-88477, -594588 ] , 
[-86187, -245965 ] , 
[-83806, -288263 ] , 
[-83346, -1175240 ] , 
[-75612, -910204 ] , 
[-71347, -1492947 ] , 
[-66256, -1006890 ] , 
[-61004, -363683 ] , 
[-51695, -1059223 ] , 
[-48132, -460028 ] , 
[-44087, -178513 ] , 
[-29796, -218326 ] , 
[-25358, -959922 ] , 
[-24072, -678222 ] , 
[-23874, -80280 ] , 
[-23682, -348865 ] , 
[-16720, -1305141 ] , 
[-14979, -707645 ] , 
[-10218, -1191020 ] , 
[-9294, -781342 ] , 
[50, -901836 ] , 
[50, -512984 ] , 
[50, -93345 ] , 
[51, -832353 ] , 
[52, -452962 ] , 
[52, -31132 ] , 
[53, -1446506 ] , 
[53, -1312827 ] , 
[53, -829871 ] , 
[54, -1031054 ] , 
[54, -629316 ] , 
[55, -1456033 ] , 
[55, -929465 ] , 
[55, -428567 ] , 
[55, -18305 ] , 
[56, -1046836 ] , 
[56, -671339 ] , 
[56, -507705 ] , 
[57, -1381408 ] , 
[57, -630157 ] , 
[57, -160120 ] , 
[57, -139396 ] , 
[58, -1141233 ] , 
[59, -1426470 ] , 
[59, -671090 ] , 
[60, -1464896 ] , 
[60, -240901 ] , 
[61, -830487 ] , 
[61, -673419 ] , 
[61, -214532 ] , 
[61, -176640 ] , 
[62, -1196668 ] , 
[62, -679387 ] , 
[62, -632097 ] , 
[62, -154740 ] , 
[62, -113020 ] , 
[63, -1185977 ] , 
[63, -627017 ] , 
[64, -1462395 ] , 
[64, -926821 ] , 
[64, -684645 ] , 
[64, -610827 ] , 
[65, -1489211 ] , 
[65, -1411719 ] , 
[65, -1135650 ] , 
[65, -247831 ] , 
[66, -1493681 ] , 
[66, -592754 ] , 
[66, -581206 ] , 
[67, -928275 ] , 
[68, -1420473 ] , 
[68, -899303 ] , 
[69, -715598 ] , 
[69, -227057 ] , 
[70, -1462637 ] , 
[70, -1124897 ] , 
[70, -988688 ] , 
[70, -299011 ] , 
[71, -1250455 ] , 
[71, -538520 ] , 
[72, -831962 ] , 
[73, -981294 ] , 
[73, -806160 ] , 
[73, -728509 ] , 
[73, -528099 ] , 
[73, -300359 ] , 
[74, -987554 ] , 
[74, -341687 ] , 
[74, -126504 ] , 
[74, -123817 ] , 
[74, -80486 ] , 
[75, -1478894 ] , 
[75, -298990 ] , 
[76, -1221382 ] , 
[76, -1035086 ] , 
[76, -891052 ] , 
[77, -1484955 ] , 
[77, -1245557 ] , 
[77, -135147 ] , 
[77, -48543 ] , 
[78, -1195047 ] , 
[79, -1073051 ] , 
[79, -814916 ] , 
[79, -594787 ] , 
[79, -581011 ] , 
[79, -31785 ] , 
[80, -1448049 ] , 
[80, -1009006 ] , 
[80, -789083 ] , 
[82, -1374254 ] , 
[83, -1390382 ] , 
[83, -1080409 ] , 
[83, -881655 ] , 
[83, -691117 ] , 
[83, -163165 ] , 
[84, -1332857 ] , 
[84, -571395 ] , 
[85, -875863 ] , 
[85, -814465 ] , 
[85, -731329 ] , 
[85, -295864 ] , 
[85, -168827 ] , 
[86, -1495624 ] , 
[86, -1091088 ] , 
[86, -778631 ] , 
[86, -67569 ] , 
[86, -43819 ] , 
[87, -1456776 ] , 
[87, -1299533 ] , 
[88, -1026737 ] , 
[88, -955585 ] , 
[88, -551779 ] , 
[88, -487265 ] , 
[89, -1277054 ] , 
[90, -1327026 ] , 
[90, -501190 ] , 
[90, -366855 ] , 
[91, -1276593 ] , 
[91, -993556 ] , 
[91, -823523 ] , 
[91, -817848 ] , 
[92, -1230312 ] , 
[92, -798931 ] , 
[92, -795893 ] , 
[92, -706976 ] , 
[92, -448795 ] , 
[92, -202704 ] , 
[92, -126081 ] , 
[93, -1377448 ] , 
[93, -1074664 ] , 
[93, -590839 ] , 
[93, -472532 ] , 
[93, -105494 ] , 
[94, -1230004 ] , 
[94, -384642 ] , 
[95, -1348890 ] , 
[95, -528917 ] , 
[95, -184772 ] , 
[95, -149759 ] , 
[95, -133061 ] , 
[97, -1282071 ] , 
[97, -1089875 ] , 
[97, -964619 ] , 
[97, -409309 ] , 
[98, -1434915 ] , 
[98, -1127658 ] , 
[98, -818229 ] , 
[98, -463811 ] , 
[99, -1264245 ] , 
[99, -1138200 ] , 
[99, -184320 ] , 
[3770, -1160724 ] , 
[4157, -703546 ] , 
[5160, -222280 ] , 
[6600, -368531 ] , 
[18899, -1191012 ] , 
[31260, -642599 ] , 
[37301, -597968 ] , 
[38696, -655202 ] , 
[46070, -1090090 ] , 
[50802, -15566 ] , 
[61770, -541224 ] , 
[62405, -354531 ] , 
[62958, -1001130 ] , 
[74740, -888336 ] , 
[75930, -1102477 ] , 
[77233, -701901 ] , 
[80324, -335733 ] , 
[81063, -877088 ] , 
[82311, -1254824 ] , 
[83885, -1305820 ] , 
[86692, -838876 ] , 
[86920, -1116804 ] , 
[88792, -1007717 ] , 
[90840, -741937 ] , 
[91399, -1156313 ] , 
[100061, -1416000 ] , 
[104465, -1042511 ] , 
[106672, -677662 ] , 
[106857, -1227860 ] , 
[115955, -571309 ] , 
[125663, -599278 ] , 
[134721, -1022926 ] , 
[140106, -80879 ] , 
[156262, -1249942 ] , 
[161691, -1015245 ] , 
[163590, -857377 ] , 
[164159, -800430 ] , 
[167585, -1257463 ] , 
[189366, -1427711 ] , 
[201126, -1430863 ] , 
[202617, -198983 ] , 
[207536, -195895 ] , 
[209210, -970751 ] , 
[217680, -179391 ] , 
[225259, -663216 ] , 
[225783, -569152 ] , 
[226816, -1331764 ] , 
[257376, -980013 ] , 
[262984, -280717 ] , 
[263892, -1156106 ] , 
[265866, -292503 ] , 
[273202, -1158802 ] , 
[282659, -632817 ] , 
[283077, -122922 ] , 
[290989, -1382624 ] , 
[291141, -967435 ] , 
[295181, -909831 ] , 
[304558, -485350 ] , 
[317955, -897417 ] , 
[324080, -1028402 ] , 
[328659, -754749 ] , 
[332044, -138716 ] , 
[332146, -1199648 ] , 
[332808, -508776 ] , 
[339318, -1234428 ] , 
[344735, -193387 ] , 
[353360, -894890 ] , 
[366019, -382651 ] , 
[371761, -972862 ] , 
[372535, -115919 ] , 
[389013, -1069099 ] , 
[395451, -1081061 ] , 
[410742, -168209 ] , 
[412949, -1409673 ] , 
[414290, -927138 ] , 
[416525, -878140 ] , 
[434348, -723547 ] , 
[435334, -976572 ] , 
[436022, -565993 ] , 
[436426, -789910 ] , 
[443689, -810614 ] , 
[445750, -863610 ] , 
[448332, -420693 ] , 
[450059, -271151 ] , 
[457924, -608035 ] , 
[458068, -907652 ] , 
[468125, -1101044 ] , 
[477982, -197352 ] , 
[481557, -679212 ] , 
[483225, -488046 ] , 
[489227, -1248082 ] , 
[496497, -1151087 ] , 
[500076, -862340 ] , 
[503248, -709926 ] , 
[507361, -1151115 ] , 
[508611, -451146 ] , 
[522298, -440716 ] , 
[524957, -1196504 ] , 
[525899, -1258860 ] , 
[530134, -1303492 ] , 
[535591, -1305127 ] , 
[542704, -663742 ] , 
[549313, -1275656 ] , 
[558352, -478383 ] , 
[559598, -1112123 ] , 
[562980, -487799 ] , 
[563308, -102871 ] , 
[567235, -824565 ] , 
[577098, -1287650 ] , 
[577631, -390036 ] , 
[586749, -877947 ] , 
[588512, -904211 ] , 
[597564, -877939 ] , 
[601700, -1081245 ] , 
[603348, -1367950 ] , 
[603990, -1258650 ] , 
[604534, -1490454 ] , 
[607931, -47415 ] , 
[608746, -1039555 ] , 
[608903, -230160 ] , 
[611328, -749130 ] , 
[617372, -44031 ] , 
[618660, -1259871 ] , 
[620213, -972263 ] , 
[624539, -357533 ] , 
[628797, -1442598 ] , 
[629203, -1117476 ] , 
[630562, -1101669 ] , 
[634696, -1149391 ] , 
[635281, -551374 ] , 
[651401, -651702 ] , 
[651650, -200574 ] , 
[654744, -900694 ] , 
[657886, -350521 ] , 
[658446, -24335 ] , 
[662616, -713095 ] , 
[662706, -1067199 ] , 
[672953, -495319 ] , 
[677349, -1159697 ] , 
[681321, -1097995 ] , 
[686014, -283335 ] , 
[688070, -1223873 ] , 
[690151, -666115 ] , 
[692974, -264496 ] , 
[698103, -436506 ] , 
[705388, -1484416 ] , 
[710134, -451984 ] , 
[712512, -1239505 ] , 
[723706, -336168 ] , 
[731928, -148819 ] , 
[749172, -1352259 ] , 
[753146, -921173 ] , 
[753417, -361082 ] , 
[757178, -16741 ] , 
[757919, -576423 ] , 
[759761, -561219 ] , 
[765052, -1320368 ] , 
[767736, -109596 ] , 
[769382, -559746 ] , 
[774250, -814534 ] , 
[788957, -996503 ] , 
[792068, -970714 ] , 
[795450, -1166940 ] , 
[797345, -1326024 ] , 
[809709, -504585 ] , 
[814809, -1317265 ] , 
[815243, -655448 ] , 
[831524, -1474489 ] , 
[852481, -85613 ] , 
[852502, -834295 ] , 
[853269, -1145797 ] , 
[874724, -811790 ] , 
[876255, -817548 ] , 
[880049, -1203466 ] , 
[882509, -756350 ] , 
[883430, -778774 ] , 
[886114, -270027 ] , 
[891085, -365925 ] , 
[901429, -1474613 ] , 
[906687, -1156913 ] , 
[911712, -678648 ] , 
[917191, -1250588 ] , 
[917629, -1355547 ] , 
[921797, -534881 ] , 
[939277, -612732 ] , 
[943822, -12599 ] , 
[952947, -985316 ] , 
[957607, -319546 ] , 
[969087, -1035668 ] , 
[973455, -65600 ] , 
[985611, -958582 ] , 
[987534, -340549 ] , 
[988489, -478609 ] , 
[990903, -1480632 ] , 
[992199, -391031 ] , 
[1006751, -1029930 ] , 
[1018177, -710705 ] , 
[1039322, -274388 ] , 
[1044511, -401494 ] , 
[1045250, -1441344 ] , 
[1048868, -102875 ] , 
[1050644, -36853 ] , 
[1050807, -492044 ] , 
[1055254, -922811 ] , 
[1061191, -1321089 ] , 
[1062923, -1287084 ] , 
[1063039, -914750 ] , 
[1065233, -689149 ] , 
[1068172, -372189 ] , 
[1068399, -227096 ] , 
[1078610, -886828 ] , 
[1086625, -634616 ] , 
[1087082, -706911 ] , 
[1102122, -883011 ] , 
[1108112, -1442178 ] , 
[1108122, -497933 ] , 
[1108888, -881476 ] , 
[1123128, -4854 ] , 
[1130634, -141450 ] , 
[1133108, -1417879 ] , 
[1135000, -707941 ] , 
[1136555, -88745 ] , 
[1136755, -73121 ] , 
[1144400, -583890 ] , 
[1147938, -1002912 ] , 
[1151863, -214614 ] , 
[1157138, -517488 ] , 
[1157674, -519457 ] , 
[1169286, -815485 ] , 
[1186859, -1033995 ] , 
[1187044, -236093 ] , 
[1188983, -711429 ] , 
[1195835, -1266798 ] , 
[1195906, -1270436 ] , 
[1206637, -818965 ] , 
[1207034, -1479479 ] , 
[1212424, -547738 ] , 
[1215969, -890625 ] , 
[1224780, -1418179 ] , 
[1228834, -1395803 ] , 
[1232132, -342767 ] , 
[1235877, -70257 ] , 
[1238200, -1239807 ] , 
[1246701, -256977 ] , 
[1246924, -65788 ] , 
[1250864, -517717 ] , 
[1256657, -1164017 ] , 
[1257065, -1019306 ] , 
[1257507, -1395789 ] , 
[1258861, -1467095 ] , 
[1259066, -313660 ] , 
[1278308, -291928 ] , 
[1280697, -1282527 ] , 
[1281515, -666758 ] , 
[1282877, -120026 ] , 
[1287478, -47875 ] , 
[1288333, -35195 ] , 
[1292846, -1401973 ] , 
[1294726, -682005 ] , 
[1307566, -206743 ] , 
[1311179, -812635 ] , 
[1312775, -262377 ] , 
[1321083, -282355 ] , 
[1322537, -842893 ] , 
[1324389, -1242656 ] , 
[1327440, -1198949 ] , 
[1341603, -354235 ] , 
[1343839, -918112 ] , 
[1350712, -132623 ] , 
[1352409, -1368649 ] , 
[1353250, -733249 ] , 
[1355747, -963413 ] , 
[1361975, -1235904 ] , 
[1379793, -1489256 ] , 
[1381645, -272216 ] , 
[1382758, -103989 ] , 
[1393413, -1191276 ] , 
[1398507, -58539 ] , 
[1399782, -647848 ] , 
[1401075, -405933 ] , 
[1401637, -1019836 ] , 
[1402876, -737155 ] , 
[1414103, -676517 ] , 
[1414826, -1072650 ] , 
[1424863, -1425820 ] , 
[1426525, -1222341 ] , 
[1429609, -1087869 ] , 
[1429984, -1343419 ] , 
[1432155, -265935 ] , 
[1451347, -914417 ] , 
[1452974, -1186645 ] , 
[1455984, -411508 ] , 
[1457439, -1117946 ] , 
[1460749, -162766 ] , 
[1468900, -1380419 ] , 
[1472298, -465571 ] , 
[1473462, -1460529 ] , 
[1473810, -1133193 ] , 
[1474546, -53818 ] , 
[1488231, -699831 ] , 
[1490555, -1319534 ] , 
[1493976, -1269822 ] , 

		-> := 
( [-272511, 1046234 ] -> [-272510, 1046235 ] )  , 
( [-272511, 1046234 ] -> [-272411, 1046334 ] )  , 
( [-525684, 333338 ] -> [-525683, 333339 ] )  , 
( [-525684, 333338 ] -> [-525584, 333438 ] )  , 
( [-1080439, 1422255 ] -> [-1080438, 1422256 ] )  , 
( [-1080439, 1422255 ] -> [-1080339, 1422355 ] )  , 
( [-966559, 943813 ] -> [-966558, 943814 ] )  , 
( [-966559, 943813 ] -> [-966459, 943913 ] )  , 
( [-1036814, 1171181 ] -> [-1036813, 1171182 ] )  , 
( [-1036814, 1171181 ] -> [-1036714, 1171281 ] )  , 
( [-617301, 609590 ] -> [-617300, 609591 ] )  , 
( [-617301, 609590 ] -> [-617201, 609690 ] )  , 
( [-1271093, 1045603 ] -> [-1271092, 1045604 ] )  , 
( [-1271093, 1045603 ] -> [-1270993, 1045703 ] )  , 
( [-572126, 1347728 ] -> [-572125, 1347729 ] )  , 
( [-572126, 1347728 ] -> [-572026, 1347828 ] )  , 
( [-385870, 209795 ] -> [-385869, 209796 ] )  , 
( [-385870, 209795 ] -> [-385770, 209895 ] )  , 
( [-748520, 72985 ] -> [-748519, 72986 ] )  , 
( [-748520, 72985 ] -> [-748420, 73085 ] )  , 
( [-34395, 110418 ] -> [-34394, 110419 ] )  , 
( [-34395, 110418 ] -> [-34295, 110518 ] )  , 
( [-251596, 1372554 ] -> [-251595, 1372555 ] )  , 
( [-251596, 1372554 ] -> [-251496, 1372654 ] )  , 
( [-1004454, 845556 ] -> [-1004453, 845557 ] )  , 
( [-1004454, 845556 ] -> [-1004354, 845656 ] )  , 
( [-1443596, 187724 ] -> [-1443595, 187725 ] )  , 
( [-1443596, 187724 ] -> [-1443496, 187824 ] )  , 
( [-49142, 718199 ] -> [-49141, 718200 ] )  , 
( [-49142, 718199 ] -> [-49042, 718299 ] )  , 
( [-588433, 724925 ] -> [-588432, 724926 ] )  , 
( [-588433, 724925 ] -> [-588333, 725025 ] )  , 
( [-1149559, 1311538 ] -> [-1149558, 1311539 ] )  , 
( [-1149559, 1311538 ] -> [-1149459, 1311638 ] )  , 
( [-366148, 1299696 ] -> [-366147, 1299697 ] )  , 
( [-366148, 1299696 ] -> [-366048, 1299796 ] )  , 
( [-1427221, 1295660 ] -> [-1427220, 1295661 ] )  , 
( [-1427221, 1295660 ] -> [-1427121, 1295760 ] )  , 
( [-937707, 1119312 ] -> [-937706, 1119313 ] )  , 
( [-937707, 1119312 ] -> [-937607, 1119412 ] )  , 
( [-983915, 659552 ] -> [-983914, 659553 ] )  , 
( [-983915, 659552 ] -> [-983815, 659652 ] )  , 
( [-882964, 1313478 ] -> [-882963, 1313479 ] )  , 
( [-882964, 1313478 ] -> [-882864, 1313578 ] )  , 
( [-141460, 125986 ] -> [-141459, 125987 ] )  , 
( [-141460, 125986 ] -> [-141360, 126086 ] )  , 
( [-25307, 525412 ] -> [-25306, 525413 ] )  , 
( [-25307, 525412 ] -> [-25207, 525512 ] )  , 
( [-1377192, 753204 ] -> [-1377191, 753205 ] )  , 
( [-1377192, 753204 ] -> [-1377092, 753304 ] )  , 
( [-1177791, 616444 ] -> [-1177790, 616445 ] )  , 
( [-1177791, 616444 ] -> [-1177691, 616544 ] )  , 
( [-1226271, 52083 ] -> [-1226270, 52084 ] )  , 
( [-1226271, 52083 ] -> [-1226171, 52183 ] )  , 
( [-596584, 104683 ] -> [-596583, 104684 ] )  , 
( [-596584, 104683 ] -> [-596484, 104783 ] )  , 
( [-71589, 1133277 ] -> [-71588, 1133278 ] )  , 
( [-71589, 1133277 ] -> [-71489, 1133377 ] )  , 
( [-120179, 1204889 ] -> [-120178, 1204890 ] )  , 
( [-120179, 1204889 ] -> [-120079, 1204989 ] )  , 
( [-737927, 77580 ] -> [-737926, 77581 ] )  , 
( [-737927, 77580 ] -> [-737827, 77680 ] )  , 
( [-13028, 1052258 ] -> [-13027, 1052259 ] )  , 
( [-13028, 1052258 ] -> [-12928, 1052358 ] )  , 
( [-728010, 1404160 ] -> [-728009, 1404161 ] )  , 
( [-728010, 1404160 ] -> [-727910, 1404260 ] )  , 
( [-5551, 1340846 ] -> [-5550, 1340847 ] )  , 
( [-5551, 1340846 ] -> [-5451, 1340946 ] )  , 
( [-733834, 412878 ] -> [-733833, 412879 ] )  , 
( [-733834, 412878 ] -> [-733734, 412978 ] )  , 
( [-1371949, 188666 ] -> [-1371948, 188667 ] )  , 
( [-1371949, 188666 ] -> [-1371849, 188766 ] )  , 
( [-330729, 758435 ] -> [-330728, 758436 ] )  , 
( [-330729, 758435 ] -> [-330629, 758535 ] )  , 
( [-512802, 751325 ] -> [-512801, 751326 ] )  , 
( [-512802, 751325 ] -> [-512702, 751425 ] )  , 
( [-789587, 1360683 ] -> [-789586, 1360684 ] )  , 
( [-789587, 1360683 ] -> [-789487, 1360783 ] )  , 
( [-701342, 65979 ] -> [-701341, 65980 ] )  , 
( [-701342, 65979 ] -> [-701242, 66079 ] )  , 
( [-1164072, 594200 ] -> [-1164071, 594201 ] )  , 
( [-1164072, 594200 ] -> [-1163972, 594300 ] )  , 
( [-861993, 743837 ] -> [-861992, 743838 ] )  , 
( [-861993, 743837 ] -> [-861893, 743937 ] )  , 
( [-59670, 335219 ] -> [-59669, 335220 ] )  , 
( [-59670, 335219 ] -> [-59570, 335319 ] )  , 
( [-711635, 371133 ] -> [-711634, 371134 ] )  , 
( [-711635, 371133 ] -> [-711535, 371233 ] )  , 
( [-870384, 780065 ] -> [-870383, 780066 ] )  , 
( [-870384, 780065 ] -> [-870284, 780165 ] )  , 
( [-442417, 1445454 ] -> [-442416, 1445455 ] )  , 
( [-442417, 1445454 ] -> [-442317, 1445554 ] )  , 
( [-4152, 1473562 ] -> [-4151, 1473563 ] )  , 
( [-4152, 1473562 ] -> [-4052, 1473662 ] )  , 
( [-1407115, 1009952 ] -> [-1407114, 1009953 ] )  , 
( [-1407115, 1009952 ] -> [-1407015, 1010052 ] )  , 
( [-508850, 381612 ] -> [-508849, 381613 ] )  , 
( [-508850, 381612 ] -> [-508750, 381712 ] )  , 
( [-552511, 855923 ] -> [-552510, 855924 ] )  , 
( [-552511, 855923 ] -> [-552411, 856023 ] )  , 
( [-256016, 780643 ] -> [-256015, 780644 ] )  , 
( [-256016, 780643 ] -> [-255916, 780743 ] )  , 
( [-1030002, 719380 ] -> [-1030001, 719381 ] )  , 
( [-1030002, 719380 ] -> [-1029902, 719480 ] )  , 
( [-1093258, 1077986 ] -> [-1093257, 1077987 ] )  , 
( [-1093258, 1077986 ] -> [-1093158, 1078086 ] )  , 
( [-514701, 483622 ] -> [-514700, 483623 ] )  , 
( [-514701, 483622 ] -> [-514601, 483722 ] )  , 
( [-259199, 924642 ] -> [-259198, 924643 ] )  , 
( [-259199, 924642 ] -> [-259099, 924742 ] )  , 
( [-351843, 1349338 ] -> [-351842, 1349339 ] )  , 
( [-351843, 1349338 ] -> [-351743, 1349438 ] )  , 
( [-76929, 369501 ] -> [-76928, 369502 ] )  , 
( [-76929, 369501 ] -> [-76829, 369601 ] )  , 
( [-132680, 69511 ] -> [-132679, 69512 ] )  , 
( [-132680, 69511 ] -> [-132580, 69611 ] )  , 
( [-1379580, 1054202 ] -> [-1379579, 1054203 ] )  , 
( [-1379580, 1054202 ] -> [-1379480, 1054302 ] )  , 
( [-40863, 736584 ] -> [-40862, 736585 ] )  , 
( [-40863, 736584 ] -> [-40763, 736684 ] )  , 
( [-1022447, 1118620 ] -> [-1022446, 1118621 ] )  , 
( [-1022447, 1118620 ] -> [-1022347, 1118720 ] )  , 
( [-948330, 45416 ] -> [-948329, 45417 ] )  , 
( [-948330, 45416 ] -> [-948230, 45516 ] )  , 
( [-277812, 1179058 ] -> [-277811, 1179059 ] )  , 
( [-277812, 1179058 ] -> [-277712, 1179158 ] )  , 
( [-766986, 46751 ] -> [-766985, 46752 ] )  , 
( [-766986, 46751 ] -> [-766886, 46851 ] )  , 
( [-494296, 1373159 ] -> [-494295, 1373160 ] )  , 
( [-494296, 1373159 ] -> [-494196, 1373259 ] )  , 
( [-1237395, 1344272 ] -> [-1237394, 1344273 ] )  , 
( [-1237395, 1344272 ] -> [-1237295, 1344372 ] )  , 
( [-732029, 1088762 ] -> [-732028, 1088763 ] )  , 
( [-732029, 1088762 ] -> [-731929, 1088862 ] )  , 
( [-140646, 470250 ] -> [-140645, 470251 ] )  , 
( [-140646, 470250 ] -> [-140546, 470350 ] )  , 
( [-1125858, 723133 ] -> [-1125857, 723134 ] )  , 
( [-1125858, 723133 ] -> [-1125758, 723233 ] )  , 
( [-1415633, 1478671 ] -> [-1415632, 1478672 ] )  , 
( [-1415633, 1478671 ] -> [-1415533, 1478771 ] )  , 
( [-1328651, 823944 ] -> [-1328650, 823945 ] )  , 
( [-1328651, 823944 ] -> [-1328551, 824044 ] )  , 
( [-73289, 807595 ] -> [-73288, 807596 ] )  , 
( [-73289, 807595 ] -> [-73189, 807695 ] )  , 
( [-892181, 928774 ] -> [-892180, 928775 ] )  , 
( [-892181, 928774 ] -> [-892081, 928874 ] )  , 
( [-1217056, 1345884 ] -> [-1217055, 1345885 ] )  , 
( [-1217056, 1345884 ] -> [-1216956, 1345984 ] )  , 
( [-261710, 1410222 ] -> [-261709, 1410223 ] )  , 
( [-261710, 1410222 ] -> [-261610, 1410322 ] )  , 
( [-1226639, 629089 ] -> [-1226638, 629090 ] )  , 
( [-1226639, 629089 ] -> [-1226539, 629189 ] )  , 
( [-688870, 1079298 ] -> [-688869, 1079299 ] )  , 
( [-688870, 1079298 ] -> [-688770, 1079398 ] )  , 
( [-1229080, 378712 ] -> [-1229079, 378713 ] )  , 
( [-1229080, 378712 ] -> [-1228980, 378812 ] )  , 
( [-910477, 930081 ] -> [-910476, 930082 ] )  , 
( [-910477, 930081 ] -> [-910377, 930181 ] )  , 
( [-1344277, 287814 ] -> [-1344276, 287815 ] )  , 
( [-1344277, 287814 ] -> [-1344177, 287914 ] )  , 
( [-1000227, 689206 ] -> [-1000226, 689207 ] )  , 
( [-1000227, 689206 ] -> [-1000127, 689306 ] )  , 
( [-399605, 654152 ] -> [-399604, 654153 ] )  , 
( [-399605, 654152 ] -> [-399505, 654252 ] )  , 
( [-947400, 280892 ] -> [-947399, 280893 ] )  , 
( [-947400, 280892 ] -> [-947300, 280992 ] )  , 
( [-894401, 723294 ] -> [-894400, 723295 ] )  , 
( [-894401, 723294 ] -> [-894301, 723394 ] )  , 
( [-1043818, 499951 ] -> [-1043817, 499952 ] )  , 
( [-1043818, 499951 ] -> [-1043718, 500051 ] )  , 
( [-1080392, 1305250 ] -> [-1080391, 1305251 ] )  , 
( [-1080392, 1305250 ] -> [-1080292, 1305350 ] )  , 
( [-804675, 800572 ] -> [-804674, 800573 ] )  , 
( [-804675, 800572 ] -> [-804575, 800672 ] )  , 
( [-896357, 1042946 ] -> [-896356, 1042947 ] )  , 
( [-896357, 1042946 ] -> [-896257, 1043046 ] )  , 
( [-1428696, 1317405 ] -> [-1428695, 1317406 ] )  , 
( [-1428696, 1317405 ] -> [-1428596, 1317505 ] )  , 
( [-525923, 1044502 ] -> [-525922, 1044503 ] )  , 
( [-525923, 1044502 ] -> [-525823, 1044602 ] )  , 
( [-136913, 777805 ] -> [-136912, 777806 ] )  , 
( [-136913, 777805 ] -> [-136813, 777905 ] )  , 
( [-1440844, 829205 ] -> [-1440843, 829206 ] )  , 
( [-1440844, 829205 ] -> [-1440744, 829305 ] )  , 
( [-864244, 272649 ] -> [-864243, 272650 ] )  , 
( [-864244, 272649 ] -> [-864144, 272749 ] )  , 
( [-1271214, 240382 ] -> [-1271213, 240383 ] )  , 
( [-1271214, 240382 ] -> [-1271114, 240482 ] )  , 
( [-503867, 596150 ] -> [-503866, 596151 ] )  , 
( [-503867, 596150 ] -> [-503767, 596250 ] )  , 
( [-12120, 1099214 ] -> [-12119, 1099215 ] )  , 
( [-12120, 1099214 ] -> [-12020, 1099314 ] )  , 
( [-1128722, 1286256 ] -> [-1128721, 1286257 ] )  , 
( [-1128722, 1286256 ] -> [-1128622, 1286356 ] )  , 
( [-1106811, 361244 ] -> [-1106810, 361245 ] )  , 
( [-1106811, 361244 ] -> [-1106711, 361344 ] )  , 
( [-1315904, 866361 ] -> [-1315903, 866362 ] )  , 
( [-1315904, 866361 ] -> [-1315804, 866461 ] )  , 
( [-1424834, 673469 ] -> [-1424833, 673470 ] )  , 
( [-1424834, 673469 ] -> [-1424734, 673569 ] )  , 
( [-585631, 767557 ] -> [-585630, 767558 ] )  , 
( [-585631, 767557 ] -> [-585531, 767657 ] )  , 
( [-383396, 1142483 ] -> [-383395, 1142484 ] )  , 
( [-383396, 1142483 ] -> [-383296, 1142583 ] )  , 
( [-991089, 1483588 ] -> [-991088, 1483589 ] )  , 
( [-991089, 1483588 ] -> [-990989, 1483688 ] )  , 
( [-68241, 1363105 ] -> [-68240, 1363106 ] )  , 
( [-68241, 1363105 ] -> [-68141, 1363205 ] )  , 
( [-1167149, 704172 ] -> [-1167148, 704173 ] )  , 
( [-1167149, 704172 ] -> [-1167049, 704272 ] )  , 
( [-1352304, 937416 ] -> [-1352303, 937417 ] )  , 
( [-1352304, 937416 ] -> [-1352204, 937516 ] )  , 
( [-9412, 149996 ] -> [-9411, 149997 ] )  , 
( [-9412, 149996 ] -> [-9312, 150096 ] )  , 
( [-891544, 1027086 ] -> [-891543, 1027087 ] )  , 
( [-891544, 1027086 ] -> [-891444, 1027186 ] )  , 
( [-979577, 152080 ] -> [-979576, 152081 ] )  , 
( [-979577, 152080 ] -> [-979477, 152180 ] )  , 
( [-1434451, 1160174 ] -> [-1434450, 1160175 ] )  , 
( [-1434451, 1160174 ] -> [-1434351, 1160274 ] )  , 
( [-341100, 1224196 ] -> [-341099, 1224197 ] )  , 
( [-341100, 1224196 ] -> [-341000, 1224296 ] )  , 
( [-327324, 273286 ] -> [-327323, 273287 ] )  , 
( [-327324, 273286 ] -> [-327224, 273386 ] )  , 
( [-1220737, 938377 ] -> [-1220736, 938378 ] )  , 
( [-1220737, 938377 ] -> [-1220637, 938477 ] )  , 
( [-548341, 1461835 ] -> [-548340, 1461836 ] )  , 
( [-548341, 1461835 ] -> [-548241, 1461935 ] )  , 
( [-726202, 1201339 ] -> [-726201, 1201340 ] )  , 
( [-726202, 1201339 ] -> [-726102, 1201439 ] )  , 
( [-86267, 628460 ] -> [-86266, 628461 ] )  , 
( [-86267, 628460 ] -> [-86167, 628560 ] )  , 
( [-649207, 793746 ] -> [-649206, 793747 ] )  , 
( [-649207, 793746 ] -> [-649107, 793846 ] )  , 
( [-937035, 241408 ] -> [-937034, 241409 ] )  , 
( [-937035, 241408 ] -> [-936935, 241508 ] )  , 
( [-724120, 1097101 ] -> [-724119, 1097102 ] )  , 
( [-724120, 1097101 ] -> [-724020, 1097201 ] )  , 
( [-98073, 898992 ] -> [-98072, 898993 ] )  , 
( [-98073, 898992 ] -> [-97973, 899092 ] )  , 
( [-189518, 784343 ] -> [-189517, 784344 ] )  , 
( [-189518, 784343 ] -> [-189418, 784443 ] )  , 
( [-952294, 1354321 ] -> [-952293, 1354322 ] )  , 
( [-952294, 1354321 ] -> [-952194, 1354421 ] )  , 
( [-1252256, 1308639 ] -> [-1252255, 1308640 ] )  , 
( [-1252256, 1308639 ] -> [-1252156, 1308739 ] )  , 
( [-1290897, 473520 ] -> [-1290896, 473521 ] )  , 
( [-1290897, 473520 ] -> [-1290797, 473620 ] )  , 
( [-21309, 651377 ] -> [-21308, 651378 ] )  , 
( [-21309, 651377 ] -> [-21209, 651477 ] )  , 
( [-1084534, 455747 ] -> [-1084533, 455748 ] )  , 
( [-1084534, 455747 ] -> [-1084434, 455847 ] )  , 
( [-240021, 755789 ] -> [-240020, 755790 ] )  , 
( [-240021, 755789 ] -> [-239921, 755889 ] )  , 
( [-1433421, 594483 ] -> [-1433420, 594484 ] )  , 
( [-1433421, 594483 ] -> [-1433321, 594583 ] )  , 
( [-960268, 347349 ] -> [-960267, 347350 ] )  , 
( [-960268, 347349 ] -> [-960168, 347449 ] )  , 
( [-1312409, 1008033 ] -> [-1312408, 1008034 ] )  , 
( [-1312409, 1008033 ] -> [-1312309, 1008133 ] )  , 
( [-985089, 309199 ] -> [-985088, 309200 ] )  , 
( [-985089, 309199 ] -> [-984989, 309299 ] )  , 
( [-985420, 852882 ] -> [-985419, 852883 ] )  , 
( [-985420, 852882 ] -> [-985320, 852982 ] )  , 
( [-1387063, 882596 ] -> [-1387062, 882597 ] )  , 
( [-1387063, 882596 ] -> [-1386963, 882696 ] )  , 
( [-545425, 1003743 ] -> [-545424, 1003744 ] )  , 
( [-545425, 1003743 ] -> [-545325, 1003843 ] )  , 
( [-552445, 602254 ] -> [-552444, 602255 ] )  , 
( [-552445, 602254 ] -> [-552345, 602354 ] )  , 
( [-1013633, 1235898 ] -> [-1013632, 1235899 ] )  , 
( [-1013633, 1235898 ] -> [-1013533, 1235998 ] )  , 
( [-1229504, 62861 ] -> [-1229503, 62862 ] )  , 
( [-1229504, 62861 ] -> [-1229404, 62961 ] )  , 
( [-851591, 904851 ] -> [-851590, 904852 ] )  , 
( [-851591, 904851 ] -> [-851491, 904951 ] )  , 
( [-682264, 604658 ] -> [-682263, 604659 ] )  , 
( [-682264, 604658 ] -> [-682164, 604758 ] )  , 
( [-470592, 430081 ] -> [-470591, 430082 ] )  , 
( [-470592, 430081 ] -> [-470492, 430181 ] )  , 
( [-762934, 1098923 ] -> [-762933, 1098924 ] )  , 
( [-762934, 1098923 ] -> [-762834, 1099023 ] )  , 
( [-1401557, 1200953 ] -> [-1401556, 1200954 ] )  , 
( [-1401557, 1200953 ] -> [-1401457, 1201053 ] )  , 
( [-138625, 913073 ] -> [-138624, 913074 ] )  , 
( [-138625, 913073 ] -> [-138525, 913173 ] )  , 
( [-767840, 838791 ] -> [-767839, 838792 ] )  , 
( [-767840, 838791 ] -> [-767740, 838891 ] )  , 
( [-1341486, 7207 ] -> [-1341485, 7208 ] )  , 
( [-1341486, 7207 ] -> [-1341386, 7307 ] )  , 
( [-1030426, 1325653 ] -> [-1030425, 1325654 ] )  , 
( [-1030426, 1325653 ] -> [-1030326, 1325753 ] )  , 
( [-168171, 1060876 ] -> [-168170, 1060877 ] )  , 
( [-168171, 1060876 ] -> [-168071, 1060976 ] )  , 
( [-976225, 788294 ] -> [-976224, 788295 ] )  , 
( [-976225, 788294 ] -> [-976125, 788394 ] )  , 
( [-1165159, 328516 ] -> [-1165158, 328517 ] )  , 
( [-1165159, 328516 ] -> [-1165059, 328616 ] )  , 
( [-1191504, 34462 ] -> [-1191503, 34463 ] )  , 
( [-1191504, 34462 ] -> [-1191404, 34562 ] )  , 
( [-714256, 327879 ] -> [-714255, 327880 ] )  , 
( [-714256, 327879 ] -> [-714156, 327979 ] )  , 
( [912321, 1390702 ] -> [912322, 1390701 ] )  , 
( [912321, 1390702 ] -> [912421, 1390602 ] )  , 
( [10732, 317523 ] -> [10733, 317522 ] )  , 
( [10732, 317523 ] -> [10832, 317423 ] )  , 
( [566011, 177792 ] -> [566012, 177791 ] )  , 
( [566011, 177792 ] -> [566111, 177692 ] )  , 
( [415338, 629025 ] -> [415339, 629024 ] )  , 
( [415338, 629025 ] -> [415438, 628925 ] )  , 
( [782240, 111517 ] -> [782241, 111516 ] )  , 
( [782240, 111517 ] -> [782340, 111417 ] )  , 
( [655112, 442388 ] -> [655113, 442387 ] )  , 
( [655112, 442388 ] -> [655212, 442288 ] )  , 
( [810763, 1245214 ] -> [810764, 1245213 ] )  , 
( [810763, 1245214 ] -> [810863, 1245114 ] )  , 
( [150641, 249871 ] -> [150642, 249870 ] )  , 
( [150641, 249871 ] -> [150741, 249771 ] )  , 
( [847897, 1319566 ] -> [847898, 1319565 ] )  , 
( [847897, 1319566 ] -> [847997, 1319466 ] )  , 
( [1004437, 1450538 ] -> [1004438, 1450537 ] )  , 
( [1004437, 1450538 ] -> [1004537, 1450438 ] )  , 
( [370789, 176208 ] -> [370790, 176207 ] )  , 
( [370789, 176208 ] -> [370889, 176108 ] )  , 
( [350294, 256331 ] -> [350295, 256330 ] )  , 
( [350294, 256331 ] -> [350394, 256231 ] )  , 
( [1279946, 44632 ] -> [1279947, 44631 ] )  , 
( [1279946, 44632 ] -> [1280046, 44532 ] )  , 
( [883788, 622977 ] -> [883789, 622976 ] )  , 
( [883788, 622977 ] -> [883888, 622877 ] )  , 
( [1018865, 821045 ] -> [1018866, 821044 ] )  , 
( [1018865, 821045 ] -> [1018965, 820945 ] )  , 
( [822060, 1377568 ] -> [822061, 1377567 ] )  , 
( [822060, 1377568 ] -> [822160, 1377468 ] )  , 
( [72866, 1479895 ] -> [72867, 1479894 ] )  , 
( [72866, 1479895 ] -> [72966, 1479795 ] )  , 
( [788728, 1095789 ] -> [788729, 1095788 ] )  , 
( [788728, 1095789 ] -> [788828, 1095689 ] )  , 
( [1191252, 248482 ] -> [1191253, 248481 ] )  , 
( [1191252, 248482 ] -> [1191352, 248382 ] )  , 
( [428608, 486894 ] -> [428609, 486893 ] )  , 
( [428608, 486894 ] -> [428708, 486794 ] )  , 
( [115279, 572291 ] -> [115280, 572290 ] )  , 
( [115279, 572291 ] -> [115379, 572191 ] )  , 
( [1373960, 930484 ] -> [1373961, 930483 ] )  , 
( [1373960, 930484 ] -> [1374060, 930384 ] )  , 
( [1361479, 1460706 ] -> [1361480, 1460705 ] )  , 
( [1361479, 1460706 ] -> [1361579, 1460606 ] )  , 
( [1301202, 1391257 ] -> [1301203, 1391256 ] )  , 
( [1301202, 1391257 ] -> [1301302, 1391157 ] )  , 
( [856817, 888137 ] -> [856818, 888136 ] )  , 
( [856817, 888137 ] -> [856917, 888037 ] )  , 
( [661581, 711966 ] -> [661582, 711965 ] )  , 
( [661581, 711966 ] -> [661681, 711866 ] )  , 
( [342588, 1392922 ] -> [342589, 1392921 ] )  , 
( [342588, 1392922 ] -> [342688, 1392822 ] )  , 
( [128901, 1344334 ] -> [128902, 1344333 ] )  , 
( [128901, 1344334 ] -> [129001, 1344234 ] )  , 
( [786947, 1278297 ] -> [786948, 1278296 ] )  , 
( [786947, 1278297 ] -> [787047, 1278197 ] )  , 
( [796890, 47814 ] -> [796891, 47813 ] )  , 
( [796890, 47814 ] -> [796990, 47714 ] )  , 
( [799085, 2136 ] -> [799086, 2135 ] )  , 
( [799085, 2136 ] -> [799185, 2036 ] )  , 
( [1032859, 1415866 ] -> [1032860, 1415865 ] )  , 
( [1032859, 1415866 ] -> [1032959, 1415766 ] )  , 
( [1091133, 1109019 ] -> [1091134, 1109018 ] )  , 
( [1091133, 1109019 ] -> [1091233, 1108919 ] )  , 
( [1240163, 1152956 ] -> [1240164, 1152955 ] )  , 
( [1240163, 1152956 ] -> [1240263, 1152856 ] )  , 
( [333794, 56249 ] -> [333795, 56248 ] )  , 
( [333794, 56249 ] -> [333894, 56149 ] )  , 
( [146214, 283482 ] -> [146215, 283481 ] )  , 
( [146214, 283482 ] -> [146314, 283382 ] )  , 
( [1255846, 187060 ] -> [1255847, 187059 ] )  , 
( [1255846, 187060 ] -> [1255946, 186960 ] )  , 
( [988064, 451517 ] -> [988065, 451516 ] )  , 
( [988064, 451517 ] -> [988164, 451417 ] )  , 
( [391183, 1296145 ] -> [391184, 1296144 ] )  , 
( [391183, 1296145 ] -> [391283, 1296045 ] )  , 
( [831600, 1311640 ] -> [831601, 1311639 ] )  , 
( [831600, 1311640 ] -> [831700, 1311540 ] )  , 
( [751458, 909297 ] -> [751459, 909296 ] )  , 
( [751458, 909297 ] -> [751558, 909197 ] )  , 
( [11650, 401201 ] -> [11651, 401200 ] )  , 
( [11650, 401201 ] -> [11750, 401101 ] )  , 
( [21553, 616774 ] -> [21554, 616773 ] )  , 
( [21553, 616774 ] -> [21653, 616674 ] )  , 
( [152696, 960531 ] -> [152697, 960530 ] )  , 
( [152696, 960531 ] -> [152796, 960431 ] )  , 
( [813400, 1157263 ] -> [813401, 1157262 ] )  , 
( [813400, 1157263 ] -> [813500, 1157163 ] )  , 
( [800080, 1012794 ] -> [800081, 1012793 ] )  , 
( [800080, 1012794 ] -> [800180, 1012694 ] )  , 
( [972336, 1149853 ] -> [972337, 1149852 ] )  , 
( [972336, 1149853 ] -> [972436, 1149753 ] )  , 
( [1023076, 100371 ] -> [1023077, 100370 ] )  , 
( [1023076, 100371 ] -> [1023176, 100271 ] )  , 
( [988190, 848602 ] -> [988191, 848601 ] )  , 
( [988190, 848602 ] -> [988290, 848502 ] )  , 
( [1142007, 255634 ] -> [1142008, 255633 ] )  , 
( [1142007, 255634 ] -> [1142107, 255534 ] )  , 
( [1221890, 1207938 ] -> [1221891, 1207937 ] )  , 
( [1221890, 1207938 ] -> [1221990, 1207838 ] )  , 
( [448862, 745485 ] -> [448863, 745484 ] )  , 
( [448862, 745485 ] -> [448962, 745385 ] )  , 
( [52993, 865323 ] -> [52994, 865322 ] )  , 
( [52993, 865323 ] -> [53093, 865223 ] )  , 
( [138329, 685819 ] -> [138330, 685818 ] )  , 
( [138329, 685819 ] -> [138429, 685719 ] )  , 
( [693494, 278975 ] -> [693495, 278974 ] )  , 
( [693494, 278975 ] -> [693594, 278875 ] )  , 
( [1150645, 630472 ] -> [1150646, 630471 ] )  , 
( [1150645, 630472 ] -> [1150745, 630372 ] )  , 
( [457206, 851970 ] -> [457207, 851969 ] )  , 
( [457206, 851970 ] -> [457306, 851870 ] )  , 
( [944664, 708778 ] -> [944665, 708777 ] )  , 
( [944664, 708778 ] -> [944764, 708678 ] )  , 
( [702079, 851003 ] -> [702080, 851002 ] )  , 
( [702079, 851003 ] -> [702179, 850903 ] )  , 
( [1134359, 1466103 ] -> [1134360, 1466102 ] )  , 
( [1134359, 1466103 ] -> [1134459, 1466003 ] )  , 
( [1493536, 542696 ] -> [1493537, 542695 ] )  , 
( [1493536, 542696 ] -> [1493636, 542596 ] )  , 
( [1266163, 1422961 ] -> [1266164, 1422960 ] )  , 
( [1266163, 1422961 ] -> [1266263, 1422861 ] )  , 
( [1451658, 1202118 ] -> [1451659, 1202117 ] )  , 
( [1451658, 1202118 ] -> [1451758, 1202018 ] )  , 
( [209817, 764028 ] -> [209818, 764027 ] )  , 
( [209817, 764028 ] -> [209917, 763928 ] )  , 
( [890132, 962167 ] -> [890133, 962166 ] )  , 
( [890132, 962167 ] -> [890232, 962067 ] )  , 
( [965977, 1414128 ] -> [965978, 1414127 ] )  , 
( [965977, 1414128 ] -> [966077, 1414028 ] )  , 
( [513506, 1391488 ] -> [513507, 1391487 ] )  , 
( [513506, 1391488 ] -> [513606, 1391388 ] )  , 
( [11665, 177552 ] -> [11666, 177551 ] )  , 
( [11665, 177552 ] -> [11765, 177452 ] )  , 
( [619620, 100283 ] -> [619621, 100282 ] )  , 
( [619620, 100283 ] -> [619720, 100183 ] )  , 
( [1233038, 1180492 ] -> [1233039, 1180491 ] )  , 
( [1233038, 1180492 ] -> [1233138, 1180392 ] )  , 
( [661571, 1251445 ] -> [661572, 1251444 ] )  , 
( [661571, 1251445 ] -> [661671, 1251345 ] )  , 
( [1205490, 856760 ] -> [1205491, 856759 ] )  , 
( [1205490, 856760 ] -> [1205590, 856660 ] )  , 
( [224354, 771525 ] -> [224355, 771524 ] )  , 
( [224354, 771525 ] -> [224454, 771425 ] )  , 
( [1330574, 1234998 ] -> [1330575, 1234997 ] )  , 
( [1330574, 1234998 ] -> [1330674, 1234898 ] )  , 
( [945164, 289919 ] -> [945165, 289918 ] )  , 
( [945164, 289919 ] -> [945264, 289819 ] )  , 
( [824054, 80595 ] -> [824055, 80594 ] )  , 
( [824054, 80595 ] -> [824154, 80495 ] )  , 
( [783113, 266804 ] -> [783114, 266803 ] )  , 
( [783113, 266804 ] -> [783213, 266704 ] )  , 
( [601429, 262832 ] -> [601430, 262831 ] )  , 
( [601429, 262832 ] -> [601529, 262732 ] )  , 
( [384383, 1292402 ] -> [384384, 1292401 ] )  , 
( [384383, 1292402 ] -> [384483, 1292302 ] )  , 
( [1127418, 672201 ] -> [1127419, 672200 ] )  , 
( [1127418, 672201 ] -> [1127518, 672101 ] )  , 
( [680175, 1255112 ] -> [680176, 1255111 ] )  , 
( [680175, 1255112 ] -> [680275, 1255012 ] )  , 
( [908536, 315637 ] -> [908537, 315636 ] )  , 
( [908536, 315637 ] -> [908636, 315537 ] )  , 
( [762447, 1060670 ] -> [762448, 1060669 ] )  , 
( [762447, 1060670 ] -> [762547, 1060570 ] )  , 
( [1062301, 18791 ] -> [1062302, 18790 ] )  , 
( [1062301, 18791 ] -> [1062401, 18691 ] )  , 
( [541976, 840442 ] -> [541977, 840441 ] )  , 
( [541976, 840442 ] -> [542076, 840342 ] )  , 
( [778963, 683806 ] -> [778964, 683805 ] )  , 
( [778963, 683806 ] -> [779063, 683706 ] )  , 
( [1090359, 33432 ] -> [1090360, 33431 ] )  , 
( [1090359, 33432 ] -> [1090459, 33332 ] )  , 
( [1400091, 1195950 ] -> [1400092, 1195949 ] )  , 
( [1400091, 1195950 ] -> [1400191, 1195850 ] )  , 
( [509103, 102976 ] -> [509104, 102975 ] )  , 
( [509103, 102976 ] -> [509203, 102876 ] )  , 
( [1180522, 1366348 ] -> [1180523, 1366347 ] )  , 
( [1180522, 1366348 ] -> [1180622, 1366248 ] )  , 
( [715717, 707562 ] -> [715718, 707561 ] )  , 
( [715717, 707562 ] -> [715817, 707462 ] )  , 
( [425937, 1066455 ] -> [425938, 1066454 ] )  , 
( [425937, 1066455 ] -> [426037, 1066355 ] )  , 
( [181237, 547957 ] -> [181238, 547956 ] )  , 
( [181237, 547957 ] -> [181337, 547857 ] )  , 
( [81787, 1364384 ] -> [81788, 1364383 ] )  , 
( [81787, 1364384 ] -> [81887, 1364284 ] )  , 
( [726794, 1135476 ] -> [726795, 1135475 ] )  , 
( [726794, 1135476 ] -> [726894, 1135376 ] )  , 
( [473707, 1264578 ] -> [473708, 1264577 ] )  , 
( [473707, 1264578 ] -> [473807, 1264478 ] )  , 
( [472755, 1366574 ] -> [472756, 1366573 ] )  , 
( [472755, 1366574 ] -> [472855, 1366474 ] )  , 
( [1131813, 1020456 ] -> [1131814, 1020455 ] )  , 
( [1131813, 1020456 ] -> [1131913, 1020356 ] )  , 
( [1247818, 178022 ] -> [1247819, 178021 ] )  , 
( [1247818, 178022 ] -> [1247918, 177922 ] )  , 
( [642540, 1233088 ] -> [642541, 1233087 ] )  , 
( [642540, 1233088 ] -> [642640, 1232988 ] )  , 
( [825221, 727628 ] -> [825222, 727627 ] )  , 
( [825221, 727628 ] -> [825321, 727528 ] )  , 
( [571294, 357865 ] -> [571295, 357864 ] )  , 
( [571294, 357865 ] -> [571394, 357765 ] )  , 
( [202034, 239926 ] -> [202035, 239925 ] )  , 
( [202034, 239926 ] -> [202134, 239826 ] )  , 
( [624935, 1485586 ] -> [624936, 1485585 ] )  , 
( [624935, 1485586 ] -> [625035, 1485486 ] )  , 
( [950787, 405589 ] -> [950788, 405588 ] )  , 
( [950787, 405589 ] -> [950887, 405489 ] )  , 
( [870684, 789045 ] -> [870685, 789044 ] )  , 
( [870684, 789045 ] -> [870784, 788945 ] )  , 
( [1002311, 1261004 ] -> [1002312, 1261003 ] )  , 
( [1002311, 1261004 ] -> [1002411, 1260904 ] )  , 
( [646276, 326603 ] -> [646277, 326602 ] )  , 
( [646276, 326603 ] -> [646376, 326503 ] )  , 
( [1206836, 1360392 ] -> [1206837, 1360391 ] )  , 
( [1206836, 1360392 ] -> [1206936, 1360292 ] )  , 
( [1086565, 712451 ] -> [1086566, 712450 ] )  , 
( [1086565, 712451 ] -> [1086665, 712351 ] )  , 
( [301924, 827270 ] -> [301925, 827269 ] )  , 
( [301924, 827270 ] -> [302024, 827170 ] )  , 
( [611, 1371016 ] -> [612, 1371015 ] )  , 
( [611, 1371016 ] -> [711, 1370916 ] )  , 
( [101596, 1331542 ] -> [101597, 1331541 ] )  , 
