Initialization Complete...

	Affine SubSpace: 


	Non Iterative Precondition: 



	Selected-Points:

		+ := 
[0, 0 ] , 

		- := 
[1008844, 0 ] , 
[1009168, 0 ] , 
[1017416, 0 ] , 
[1017923, 0 ] , 
[1018476, 0 ] , 
[1018932, 0 ] , 
[1028522, 0 ] , 
[1030806, 0 ] , 
[1034348, 0 ] , 
[1034844, 0 ] , 
[1037525, 0 ] , 
[1044959, 0 ] , 
[1048624, 0 ] , 
[1051760, 0 ] , 
[1082786, 0 ] , 
[1089520, 0 ] , 
[1089540, 0 ] , 
[1090252, 0 ] , 
[1090394, 0 ] , 
[1091054, 0 ] , 
[1093587, 0 ] , 
[1093715, 0 ] , 
[1093854, 0 ] , 
[1094485, 0 ] , 
[1117464, 0 ] , 
[1119271, 0 ] , 
[1124479, 0 ] , 
[1124838, 0 ] , 
[1126342, 0 ] , 
[1126574, 0 ] , 
[1128626, 0 ] , 
[1133194, 0 ] , 
[1136356, 0 ] , 
[1136583, 0 ] , 
[1140141, 0 ] , 
[1140762, 0 ] , 
[1143668, 0 ] , 
[1144748, 0 ] , 
[1145249, 0 ] , 
[1150130, 0 ] , 
[1154385, 0 ] , 
[1158906, 0 ] , 
[1160544, 0 ] , 
[1163166, 0 ] , 
[1169822, 0 ] , 
[1170160, 0 ] , 
[1170961, 0 ] , 
[1181855, 0 ] , 
[1182277, 0 ] , 
[1184049, 0 ] , 
[1186657, 0 ] , 
[1188576, 0 ] , 
[1189639, 0 ] , 
[1192347, 0 ] , 
[1197435, 0 ] , 
[1200970, 0 ] , 
[1201083, 0 ] , 
[1201457, 0 ] , 
[1203678, 0 ] , 
[1204755, 0 ] , 
[1217319, 0 ] , 
[1221180, 0 ] , 
[1223059, 0 ] , 
[1223201, 0 ] , 
[1230048, 0 ] , 
[1260054, 0 ] , 
[1262935, 0 ] , 
[1263758, 0 ] , 
[1265956, 0 ] , 
[1270234, 0 ] , 
[1271109, 0 ] , 
[1277557, 0 ] , 
[1278493, 0 ] , 
[1285865, 0 ] , 
[1287198, 0 ] , 
[1287685, 0 ] , 
[1290306, 0 ] , 
[1290970, 0 ] , 
[1293954, 0 ] , 
[1295628, 0 ] , 
[1304798, 0 ] , 
[1305939, 0 ] , 
[1307746, 0 ] , 
[1310081, 0 ] , 
[1314102, 0 ] , 
[1319214, 0 ] , 
[1322310, 0 ] , 
[1326968, 0 ] , 
[1332948, 0 ] , 
[1339171, 0 ] , 
[1344174, 0 ] , 
[1345282, 0 ] , 
[1346327, 0 ] , 
[1346379, 0 ] , 
[1351375, 0 ] , 
[1351508, 0 ] , 
[1353466, 0 ] , 
[1355898, 0 ] , 
[1358374, 0 ] , 
[1360113, 0 ] , 
[1362369, 0 ] , 
[1374363, 0 ] , 
[1374539, 0 ] , 
[1376250, 0 ] , 
[1377288, 0 ] , 
[1377889, 0 ] , 
[1382404, 0 ] , 
[1383840, 0 ] , 
[1384237, 0 ] , 
[1384559, 0 ] , 
[1387056, 0 ] , 
[1391979, 0 ] , 
[1397841, 0 ] , 
[1400873, 0 ] , 
[1403846, 0 ] , 
[1404222, 0 ] , 
[1404408, 0 ] , 
[1405962, 0 ] , 
[1410149, 0 ] , 
[1411232, 0 ] , 
[1412352, 0 ] , 
[1412903, 0 ] , 
[1415335, 0 ] , 
[1415363, 0 ] , 
[1418651, 0 ] , 
[1419323, 0 ] , 
[1420487, 0 ] , 
[1427256, 0 ] , 
[1427877, 0 ] , 
[1430047, 0 ] , 
[1430183, 0 ] , 
[1433363, 0 ] , 
[1440541, 0 ] , 
[1446385, 0 ] , 
[1452303, 0 ] , 
[1456055, 0 ] , 
[1456452, 0 ] , 
[1458589, 0 ] , 
[1463838, 0 ] , 
[1467011, 0 ] , 
[1473098, 0 ] , 
[1474935, 0 ] , 
[1475155, 0 ] , 
[1477058, 0 ] , 
[1477103, 0 ] , 
[1479018, 0 ] , 
[1483252, 0 ] , 
[1485230, 0 ] , 
[1491521, 0 ] , 
[1491758, 0 ] , 
[1493968, 0 ] , 

		-> := 
( [-1303446, -735433 ] -> [-1303445, -735432 ] )  , 
( [-1303446, -735433 ] -> [-1303346, -735333 ] )  , 
( [-523757, 202617 ] -> [-523756, 202618 ] )  , 
( [-523757, 202617 ] -> [-523657, 202717 ] )  , 
( [-486240, 167644 ] -> [-486239, 167645 ] )  , 
( [-486240, 167644 ] -> [-486140, 167744 ] )  , 
( [-323909, -534651 ] -> [-323908, -534650 ] )  , 
( [-323909, -534651 ] -> [-323809, -534551 ] )  , 
( [-342151, -318010 ] -> [-342150, -318009 ] )  , 
( [-342151, -318010 ] -> [-342051, -317910 ] )  , 
( [248773, 867387 ] -> [248774, 867388 ] )  , 
( [248773, 867387 ] -> [248873, 867487 ] )  , 
( [-696228, -1153472 ] -> [-696227, -1153471 ] )  , 
( [-696228, -1153472 ] -> [-696128, -1153372 ] )  , 
( [147077, -1486298 ] -> [147078, -1486297 ] )  , 
( [147077, -1486298 ] -> [147177, -1486198 ] )  , 
( [-1230865, 551465 ] -> [-1230864, 551466 ] )  , 
( [-1230865, 551465 ] -> [-1230765, 551565 ] )  , 
( [-313079, 870109 ] -> [-313078, 870110 ] )  , 
( [-313079, 870109 ] -> [-312979, 870209 ] )  , 
( [-76067, -404614 ] -> [-76066, -404613 ] )  , 
( [-76067, -404614 ] -> [-75967, -404514 ] )  , 
( [-745112, -428543 ] -> [-745111, -428542 ] )  , 
( [-745112, -428543 ] -> [-745012, -428443 ] )  , 
( [-647541, -27240 ] -> [-647540, -27239 ] )  , 
( [-647541, -27240 ] -> [-647441, -27140 ] )  , 
( [-1453240, 196123 ] -> [-1453239, 196124 ] )  , 
( [-1453240, 196123 ] -> [-1453140, 196223 ] )  , 
( [431183, -1388839 ] -> [431184, -1388838 ] )  , 
( [431183, -1388839 ] -> [431283, -1388739 ] )  , 
( [-963036, 1145911 ] -> [-963035, 1145912 ] )  , 
( [-963036, 1145911 ] -> [-962936, 1146011 ] )  , 
( [-703924, 1466038 ] -> [-703923, 1466039 ] )  , 
( [-703924, 1466038 ] -> [-703824, 1466138 ] )  , 
( [-1076888, 379047 ] -> [-1076887, 379048 ] )  , 
( [-1076888, 379047 ] -> [-1076788, 379147 ] )  , 
( [424244, -192544 ] -> [424245, -192543 ] )  , 
( [424244, -192544 ] -> [424344, -192444 ] )  , 
( [-1230448, -427291 ] -> [-1230447, -427290 ] )  , 
( [-1230448, -427291 ] -> [-1230348, -427191 ] )  , 
( [-794593, 706543 ] -> [-794592, 706544 ] )  , 
( [-794593, 706543 ] -> [-794493, 706643 ] )  , 
( [-169222, 1346349 ] -> [-169221, 1346350 ] )  , 
( [-169222, 1346349 ] -> [-169122, 1346449 ] )  , 
( [168364, -492101 ] -> [168365, -492100 ] )  , 
( [168364, -492101 ] -> [168464, -492001 ] )  , 
( [-851903, 109944 ] -> [-851902, 109945 ] )  , 
( [-851903, 109944 ] -> [-851803, 110044 ] )  , 
( [-583300, -1137093 ] -> [-583299, -1137092 ] )  , 
( [-583300, -1137093 ] -> [-583200, -1136993 ] )  , 
( [-227856, -1055865 ] -> [-227855, -1055864 ] )  , 
( [-227856, -1055865 ] -> [-227756, -1055765 ] )  , 
( [412947, -261331 ] -> [412948, -261330 ] )  , 
( [412947, -261331 ] -> [413047, -261231 ] )  , 
( [-824086, 1372117 ] -> [-824085, 1372118 ] )  , 
( [-824086, 1372117 ] -> [-823986, 1372217 ] )  , 
( [-1338149, 1133340 ] -> [-1338148, 1133341 ] )  , 
( [-1338149, 1133340 ] -> [-1338049, 1133440 ] )  , 
( [-1450635, 1355976 ] -> [-1450634, 1355977 ] )  , 
( [-1450635, 1355976 ] -> [-1450535, 1356076 ] )  , 
( [-284248, -1093885 ] -> [-284247, -1093884 ] )  , 
( [-284248, -1093885 ] -> [-284148, -1093785 ] )  , 
( [-679282, 1349312 ] -> [-679281, 1349313 ] )  , 
( [-679282, 1349312 ] -> [-679182, 1349412 ] )  , 
( [26325, -480463 ] -> [26326, -480462 ] )  , 
( [26325, -480463 ] -> [26425, -480363 ] )  , 
( [-621722, 833372 ] -> [-621721, 833373 ] )  , 
( [-621722, 833372 ] -> [-621622, 833472 ] )  , 
( [-1025267, -84268 ] -> [-1025266, -84267 ] )  , 
( [-1025267, -84268 ] -> [-1025167, -84168 ] )  , 
( [-620591, 1268646 ] -> [-620590, 1268647 ] )  , 
( [-620591, 1268646 ] -> [-620491, 1268746 ] )  , 
( [-640226, 1423209 ] -> [-640225, 1423210 ] )  , 
( [-640226, 1423209 ] -> [-640126, 1423309 ] )  , 
( [-1321889, -332042 ] -> [-1321888, -332041 ] )  , 
( [-1321889, -332042 ] -> [-1321789, -331942 ] )  , 
( [-956837, 172389 ] -> [-956836, 172390 ] )  , 
( [-956837, 172389 ] -> [-956737, 172489 ] )  , 
( [-571140, 168680 ] -> [-571139, 168681 ] )  , 
( [-571140, 168680 ] -> [-571040, 168780 ] )  , 
( [-675784, 1028731 ] -> [-675783, 1028732 ] )  , 
( [-675784, 1028731 ] -> [-675684, 1028831 ] )  , 
( [-269395, 932716 ] -> [-269394, 932717 ] )  , 
( [-269395, 932716 ] -> [-269295, 932816 ] )  , 
( [-955418, -10233 ] -> [-955417, -10232 ] )  , 
( [-955418, -10233 ] -> [-955318, -10133 ] )  , 
( [-572423, -25883 ] -> [-572422, -25882 ] )  , 
( [-572423, -25883 ] -> [-572323, -25783 ] )  , 
( [232892, -1148015 ] -> [232893, -1148014 ] )  , 
( [232892, -1148015 ] -> [232992, -1147915 ] )  , 
( [246919, 1271559 ] -> [246920, 1271560 ] )  , 
( [246919, 1271559 ] -> [247019, 1271659 ] )  , 
( [-1485615, -60247 ] -> [-1485614, -60246 ] )  , 
( [-1485615, -60247 ] -> [-1485515, -60147 ] )  , 
( [-1296279, -584926 ] -> [-1296278, -584925 ] )  , 
( [-1296279, -584926 ] -> [-1296179, -584826 ] )  , 
( [394966, 130615 ] -> [394967, 130616 ] )  , 
( [394966, 130615 ] -> [395066, 130715 ] )  , 
( [-999456, -1224560 ] -> [-999455, -1224559 ] )  , 
( [-999456, -1224560 ] -> [-999356, -1224460 ] )  , 
( [-213631, 125001 ] -> [-213630, 125002 ] )  , 
( [-213631, 125001 ] -> [-213531, 125101 ] )  , 
( [-738747, 186537 ] -> [-738746, 186538 ] )  , 
( [-738747, 186537 ] -> [-738647, 186637 ] )  , 
( [-395080, -541000 ] -> [-395079, -540999 ] )  , 
( [-395080, -541000 ] -> [-394980, -540900 ] )  , 
( [-425078, -975807 ] -> [-425077, -975806 ] )  , 
( [-425078, -975807 ] -> [-424978, -975707 ] )  , 
( [102445, 684621 ] -> [102446, 684622 ] )  , 
( [102445, 684621 ] -> [102545, 684721 ] )  , 
( [185588, 223838 ] -> [185589, 223839 ] )  , 
( [185588, 223838 ] -> [185688, 223938 ] )  , 
( [-1388306, 369217 ] -> [-1388305, 369218 ] )  , 
( [-1388306, 369217 ] -> [-1388206, 369317 ] )  , 
( [-1354591, 622264 ] -> [-1354590, 622265 ] )  , 
( [-1354591, 622264 ] -> [-1354491, 622364 ] )  , 
( [-43160, -1020814 ] -> [-43159, -1020813 ] )  , 
( [-43160, -1020814 ] -> [-43060, -1020714 ] )  , 
( [-1104799, -1232490 ] -> [-1104798, -1232489 ] )  , 
( [-1104799, -1232490 ] -> [-1104699, -1232390 ] )  , 
( [-1106780, -77474 ] -> [-1106779, -77473 ] )  , 
( [-1106780, -77474 ] -> [-1106680, -77374 ] )  , 
( [50451, 1129376 ] -> [50452, 1129377 ] )  , 
( [50451, 1129376 ] -> [50551, 1129476 ] )  , 
( [-164457, 309132 ] -> [-164456, 309133 ] )  , 
( [-164457, 309132 ] -> [-164357, 309232 ] )  , 
( [-776859, -903458 ] -> [-776858, -903457 ] )  , 
( [-776859, -903458 ] -> [-776759, -903358 ] )  , 
( [-1229839, -1476223 ] -> [-1229838, -1476222 ] )  , 
( [-1229839, -1476223 ] -> [-1229739, -1476123 ] )  , 
( [-880426, -857795 ] -> [-880425, -857794 ] )  , 
( [-880426, -857795 ] -> [-880326, -857695 ] )  , 
( [3545, -1335681 ] -> [3546, -1335680 ] )  , 
( [3545, -1335681 ] -> [3645, -1335581 ] )  , 
( [-1252511, 1002744 ] -> [-1252510, 1002745 ] )  , 
( [-1252511, 1002744 ] -> [-1252411, 1002844 ] )  , 
( [-1490717, -103459 ] -> [-1490716, -103458 ] )  , 
( [-1490717, -103459 ] -> [-1490617, -103359 ] )  , 
( [-1345815, 1363681 ] -> [-1345814, 1363682 ] )  , 
( [-1345815, 1363681 ] -> [-1345715, 1363781 ] )  , 
( [87823, 891327 ] -> [87824, 891328 ] )  , 
( [87823, 891327 ] -> [87923, 891427 ] )  , 
( [440130, 495603 ] -> [440131, 495604 ] )  , 
( [440130, 495603 ] -> [440230, 495703 ] )  , 
( [-613441, -1100988 ] -> [-613440, -1100987 ] )  , 
( [-613441, -1100988 ] -> [-613341, -1100888 ] )  , 
( [-637896, 858210 ] -> [-637895, 858211 ] )  , 
( [-637896, 858210 ] -> [-637796, 858310 ] )  , 
( [-66775, 1088160 ] -> [-66774, 1088161 ] )  , 
( [-66775, 1088160 ] -> [-66675, 1088260 ] )  , 
( [-337804, -721347 ] -> [-337803, -721346 ] )  , 
( [-337804, -721347 ] -> [-337704, -721247 ] )  , 
( [-114788, -910743 ] -> [-114787, -910742 ] )  , 
( [-114788, -910743 ] -> [-114688, -910643 ] )  , 
( [209540, -1092767 ] -> [209541, -1092766 ] )  , 
( [209540, -1092767 ] -> [209640, -1092667 ] )  , 
( [-251373, 1396091 ] -> [-251372, 1396092 ] )  , 
( [-251373, 1396091 ] -> [-251273, 1396191 ] )  , 
( [356400, 1411132 ] -> [356401, 1411133 ] )  , 
( [356400, 1411132 ] -> [356500, 1411232 ] )  , 
( [-541304, -1203721 ] -> [-541303, -1203720 ] )  , 
( [-541304, -1203721 ] -> [-541204, -1203621 ] )  , 
( [-1395859, -885450 ] -> [-1395858, -885449 ] )  , 
( [-1395859, -885450 ] -> [-1395759, -885350 ] )  , 
( [-1057187, -1196485 ] -> [-1057186, -1196484 ] )  , 
( [-1057187, -1196485 ] -> [-1057087, -1196385 ] )  , 
( [-446991, 4044 ] -> [-446990, 4045 ] )  , 
( [-446991, 4044 ] -> [-446891, 4144 ] )  , 
( [96426, -1214160 ] -> [96427, -1214159 ] )  , 
( [96426, -1214160 ] -> [96526, -1214060 ] )  , 
( [-532527, 1478417 ] -> [-532526, 1478418 ] )  , 
( [-532527, 1478417 ] -> [-532427, 1478517 ] )  , 
( [-808021, -449765 ] -> [-808020, -449764 ] )  , 
( [-808021, -449765 ] -> [-807921, -449665 ] )  , 
( [-1172664, 132567 ] -> [-1172663, 132568 ] )  , 
( [-1172664, 132567 ] -> [-1172564, 132667 ] )  , 
( [-1444598, -657921 ] -> [-1444597, -657920 ] )  , 
( [-1444598, -657921 ] -> [-1444498, -657821 ] )  , 
( [-427760, -40199 ] -> [-427759, -40198 ] )  , 
( [-427760, -40199 ] -> [-427660, -40099 ] )  , 
( [-347040, 737788 ] -> [-347039, 737789 ] )  , 
( [-347040, 737788 ] -> [-346940, 737888 ] )  , 
( [-705768, -1425751 ] -> [-705767, -1425750 ] )  , 
( [-705768, -1425751 ] -> [-705668, -1425651 ] )  , 
( [405120, -785315 ] -> [405121, -785314 ] )  , 
( [405120, -785315 ] -> [405220, -785215 ] )  , 
( [-1374052, 1371375 ] -> [-1374051, 1371376 ] )  , 
( [-1374052, 1371375 ] -> [-1373952, 1371475 ] )  , 
( [217132, -53923 ] -> [217133, -53922 ] )  , 
( [217132, -53923 ] -> [217232, -53823 ] )  , 
( [-636683, -522371 ] -> [-636682, -522370 ] )  , 
( [-636683, -522371 ] -> [-636583, -522271 ] )  , 
( [-775372, -251105 ] -> [-775371, -251104 ] )  , 
( [-775372, -251105 ] -> [-775272, -251005 ] )  , 
( [-1476226, 1361070 ] -> [-1476225, 1361071 ] )  , 
( [-1476226, 1361070 ] -> [-1476126, 1361170 ] )  , 
( [-1402155, -766702 ] -> [-1402154, -766701 ] )  , 
( [-1402155, -766702 ] -> [-1402055, -766602 ] )  , 
( [51372, -1402273 ] -> [51373, -1402272 ] )  , 
( [51372, -1402273 ] -> [51472, -1402173 ] )  , 
( [-182382, 830996 ] -> [-182381, 830997 ] )  , 
( [-182382, 830996 ] -> [-182282, 831096 ] )  , 
( [-599596, 639494 ] -> [-599595, 639495 ] )  , 
( [-599596, 639494 ] -> [-599496, 639594 ] )  , 
( [342571, -858689 ] -> [342572, -858688 ] )  , 
( [342571, -858689 ] -> [342671, -858589 ] )  , 
( [-932830, 587553 ] -> [-932829, 587554 ] )  , 
( [-932830, 587553 ] -> [-932730, 587653 ] )  , 
( [-767438, -791587 ] -> [-767437, -791586 ] )  , 
( [-767438, -791587 ] -> [-767338, -791487 ] )  , 
( [104948, -183625 ] -> [104949, -183624 ] )  , 
( [104948, -183625 ] -> [105048, -183525 ] )  , 
( [-965877, -1326137 ] -> [-965876, -1326136 ] )  , 
( [-965877, -1326137 ] -> [-965777, -1326037 ] )  , 
( [316865, 1113186 ] -> [316866, 1113187 ] )  , 
( [316865, 1113186 ] -> [316965, 1113286 ] )  , 
( [271411, 674447 ] -> [271412, 674448 ] )  , 
( [271411, 674447 ] -> [271511, 674547 ] )  , 
( [410107, 1163799 ] -> [410108, 1163800 ] )  , 
( [410107, 1163799 ] -> [410207, 1163899 ] )  , 
( [-1418364, -103079 ] -> [-1418363, -103078 ] )  , 
( [-1418364, -103079 ] -> [-1418264, -102979 ] )  , 
( [150516, -1153179 ] -> [150517, -1153178 ] )  , 
( [150516, -1153179 ] -> [150616, -1153079 ] )  , 
( [-264855, -838307 ] -> [-264854, -838306 ] )  , 
( [-264855, -838307 ] -> [-264755, -838207 ] )  , 
( [-1432648, -1020355 ] -> [-1432647, -1020354 ] )  , 
( [-1432648, -1020355 ] -> [-1432548, -1020255 ] )  , 
( [-1175769, -1066372 ] -> [-1175768, -1066371 ] )  , 
( [-1175769, -1066372 ] -> [-1175669, -1066272 ] )  , 
( [142060, -1398440 ] -> [142061, -1398439 ] )  , 
( [142060, -1398440 ] -> [142160, -1398340 ] )  , 
( [-1425933, -352438 ] -> [-1425932, -352437 ] )  , 
( [-1425933, -352438 ] -> [-1425833, -352338 ] )  , 
( [415987, -578099 ] -> [415988, -578098 ] )  , 
( [415987, -578099 ] -> [416087, -577999 ] )  , 
( [364206, 1202146 ] -> [364207, 1202147 ] )  , 
( [364206, 1202146 ] -> [364306, 1202246 ] )  , 
( [-1047960, -103092 ] -> [-1047959, -103091 ] )  , 
( [-1047960, -103092 ] -> [-1047860, -102992 ] )  , 
( [-1247202, -918932 ] -> [-1247201, -918931 ] )  , 
( [-1247202, -918932 ] -> [-1247102, -918832 ] )  , 
( [-1240189, 26395 ] -> [-1240188, 26396 ] )  , 
( [-1240189, 26395 ] -> [-1240089, 26495 ] )  , 
( [-692532, -1136186 ] -> [-692531, -1136185 ] )  , 
( [-692532, -1136186 ] -> [-692432, -1136086 ] )  , 
( [-1117606, -1253275 ] -> [-1117605, -1253274 ] )  , 
( [-1117606, -1253275 ] -> [-1117506, -1253175 ] )  , 
( [-68253, 811339 ] -> [-68252, 811340 ] )  , 
( [-68253, 811339 ] -> [-68153, 811439 ] )  , 
( [-1273731, -121083 ] -> [-1273730, -121082 ] )  , 
( [-1273731, -121083 ] -> [-1273631, -120983 ] )  , 
( [-423307, -295911 ] -> [-423306, -295910 ] )  , 
( [-423307, -295911 ] -> [-423207, -295811 ] )  , 
( [-240080, 571220 ] -> [-240079, 571221 ] )  , 
( [-240080, 571220 ] -> [-239980, 571320 ] )  , 
( [-82395, -1052539 ] -> [-82394, -1052538 ] )  , 
( [-82395, -1052539 ] -> [-82295, -1052439 ] )  , 
( [60715, 806257 ] -> [60716, 806258 ] )  , 
( [60715, 806257 ] -> [60815, 806357 ] )  , 
( [49978, -1368134 ] -> [49979, -1368133 ] )  , 
( [49978, -1368134 ] -> [50078, -1368034 ] )  , 
( [-95956, -370065 ] -> [-95955, -370064 ] )  , 
( [-95956, -370065 ] -> [-95856, -369965 ] )  , 
( [369926, -1197516 ] -> [369927, -1197515 ] )  , 
( [369926, -1197516 ] -> [370026, -1197416 ] )  , 
( [187324, -1092516 ] -> [187325, -1092515 ] )  , 
( [187324, -1092516 ] -> [187424, -1092416 ] )  , 
( [-99471, 483615 ] -> [-99470, 483616 ] )  , 
( [-99471, 483615 ] -> [-99371, 483715 ] )  , 
( [-245471, 618261 ] -> [-245470, 618262 ] )  , 
( [-245471, 618261 ] -> [-245371, 618361 ] )  , 
( [9210, 862718 ] -> [9211, 862719 ] )  , 
( [9210, 862718 ] -> [9310, 862818 ] )  , 
( [132065, 1345421 ] -> [132066, 1345422 ] )  , 
( [132065, 1345421 ] -> [132165, 1345521 ] )  , 
( [445047, -818251 ] -> [445048, -818250 ] )  , 
( [445047, -818251 ] -> [445147, -818151 ] )  , 
( [-1095585, -300859 ] -> [-1095584, -300858 ] )  , 
( [-1095585, -300859 ] -> [-1095485, -300759 ] )  , 
( [-747711, 1177520 ] -> [-747710, 1177521 ] )  , 
( [-747711, 1177520 ] -> [-747611, 1177620 ] )  , 
( [-1285723, -1485155 ] -> [-1285722, -1485154 ] )  , 
( [-1285723, -1485155 ] -> [-1285623, -1485055 ] )  , 
( [-218642, -780281 ] -> [-218641, -780280 ] )  , 
( [-218642, -780281 ] -> [-218542, -780181 ] )  , 
( [-1469747, 445785 ] -> [-1469746, 445786 ] )  , 
( [-1469747, 445785 ] -> [-1469647, 445885 ] )  , 
( [-1258015, 1178691 ] -> [-1258014, 1178692 ] )  , 
( [-1258015, 1178691 ] -> [-1257915, 1178791 ] )  , 
( [-871342, 732585 ] -> [-871341, 732586 ] )  , 
( [-871342, 732585 ] -> [-871242, 732685 ] )  , 
( [-1390263, -521315 ] -> [-1390262, -521314 ] )  , 
( [-1390263, -521315 ] -> [-1390163, -521215 ] )  , 
( [-305988, 1333292 ] -> [-305987, 1333293 ] )  , 
( [-305988, 1333292 ] -> [-305888, 1333392 ] )  , 
( [-346794, -1432668 ] -> [-346793, -1432667 ] )  , 
( [-346794, -1432668 ] -> [-346694, -1432568 ] )  , 
( [-242686, -1393824 ] -> [-242685, -1393823 ] )  , 
( [-242686, -1393824 ] -> [-242586, -1393724 ] )  , 
( [-985995, -1118933 ] -> [-985994, -1118932 ] )  , 
( [-985995, -1118933 ] -> [-985895, -1118833 ] )  , 
( [795688, -892818 ] -> [795689, -892819 ] )  , 
( [795688, -892818 ] -> [795788, -892918 ] )  , 
( [608689, 521977 ] -> [608690, 521976 ] )  , 
( [608689, 521977 ] -> [608789, 521877 ] )  , 
( [992129, 356932 ] -> [992130, 356931 ] )  , 
( [992129, 356932 ] -> [992229, 356832 ] )  , 
( [911440, 670220 ] -> [911441, 670219 ] )  , 
( [911440, 670220 ] -> [911540, 670120 ] )  , 
( [746799, -183876 ] -> [746800, -183877 ] )  , 
( [746799, -183876 ] -> [746899, -183976 ] )  , 
( [849512, -1202892 ] -> [849513, -1202893 ] )  , 
( [849512, -1202892 ] -> [849612, -1202992 ] )  , 
( [882067, 262944 ] -> [882068, 262943 ] )  , 
( [882067, 262944 ] -> [882167, 262844 ] )  , 
( [518742, 220305 ] -> [518743, 220304 ] )  , 
( [518742, 220305 ] -> [518842, 220205 ] )  , 
( [874228, 927651 ] -> [874229, 927650 ] )  , 
( [874228, 927651 ] -> [874328, 927551 ] )  , 
( [712372, 876558 ] -> [712373, 876557 ] )  , 
( [712372, 876558 ] -> [712472, 876458 ] )  , 
( [705155, -1408455 ] -> [705156, -1408456 ] )  , 
( [705155, -1408455 ] -> [705255, -1408555 ] )  , 
( [709893, 1470756 ] -> [709894, 1470755 ] )  , 
( [709893, 1470756 ] -> [709993, 1470656 ] )  , 
( [544257, -885707 ] -> [544258, -885708 ] )  , 
( [544257, -885707 ] -> [544357, -885807 ] )  , 
( [687052, 242643 ] -> [687053, 242642 ] )  , 
( [687052, 242643 ] -> [687152, 242543 ] )  , 
( [627098, 808494 ] -> [627099, 808493 ] )  , 
( [627098, 808494 ] -> [627198, 808394 ] )  , 
( [745210, 592784 ] -> [745211, 592783 ] )  , 
( [745210, 592784 ] -> [745310, 592684 ] )  , 
( [882351, -1064852 ] -> [882352, -1064853 ] )  , 
( [882351, -1064852 ] -> [882451, -1064952 ] )  , 
( [814590, 1043544 ] -> [814591, 1043543 ] )  , 
( [814590, 1043544 ] -> [814690, 1043444 ] )  , 
( [982282, 1488195 ] -> [982283, 1488194 ] )  , 
( [982282, 1488195 ] -> [982382, 1488095 ] )  , 
( [511416, -968756 ] -> [511417, -968757 ] )  , 
( [511416, -968756 ] -> [511516, -968856 ] )  , 
( [998588, 282855 ] -> [998589, 282854 ] )  , 
( [998588, 282855 ] -> [998688, 282755 ] )  , 
( [954671, 1056841 ] -> [954672, 1056840 ] )  , 
( [954671, 1056841 ] -> [954771, 1056741 ] )  , 
( [743863, 955156 ] -> [743864, 955155 ] )  , 
( [743863, 955156 ] -> [743963, 955056 ] )  , 
( [562979, -340206 ] -> [562980, -340207 ] )  , 
( [562979, -340206 ] -> [563079, -340306 ] )  , 
( [841263, 226263 ] -> [841264, 226262 ] )  , 
( [841263, 226263 ] -> [841363, 226163 ] )  , 
( [917628, -1070598 ] -> [917629, -1070599 ] )  , 
( [917628, -1070598 ] -> [917728, -1070698 ] )  , 
( [823692, 861896 ] -> [823693, 861895 ] )  , 
( [823692, 861896 ] -> [823792, 861796 ] )  , 
( [797543, 376270 ] -> [797544, 376269 ] )  , 
( [797543, 376270 ] -> [797643, 376170 ] )  , 
( [872609, 804995 ] -> [872610, 804994 ] )  , 
( [872609, 804995 ] -> [872709, 804895 ] )  , 
( [768636, -365904 ] -> [768637, -365905 ] )  , 
( [768636, -365904 ] -> [768736, -366004 ] )  , 
( [822279, 82029 ] -> [822280, 82028 ] )  , 
( [822279, 82029 ] -> [822379, 81929 ] )  , 
( [552747, -903052 ] -> [552748, -903053 ] )  , 
( [552747, -903052 ] -> [552847, -903152 ] )  , 
( [816130, 418731 ] -> [816131, 418730 ] )  , 
( [816130, 418731 ] -> [816230, 418631 ] )  , 
( [712571, 1459070 ] -> [712572, 1459069 ] )  , 
( [712571, 1459070 ] -> [712671, 1458970 ] )  , 
( [520806, 1263796 ] -> [520807, 1263795 ] )  , 
( [520806, 1263796 ] -> [520906, 1263696 ] )  , 
( [624855, -894931 ] -> [624856, -894932 ] )  , 
( [624855, -894931 ] -> [624955, -895031 ] )  , 
( [843311, -329930 ] -> [843312, -329931 ] )  , 
( [843311, -329930 ] -> [843411, -330030 ] )  , 
( [676259, 801694 ] -> [676260, 801693 ] )  , 
( [676259, 801694 ] -> [676359, 801594 ] )  , 
( [635934, 1002001 ] -> [635935, 1002000 ] )  , 
( [635934, 1002001 ] -> [636034, 1001901 ] )  , 
( [991614, -441750 ] -> [991615, -441751 ] )  , 
( [991614, -441750 ] -> [991714, -441850 ] )  , 
( [709415, -1116886 ] -> [709416, -1116887 ] )  , 
( [709415, -1116886 ] -> [709515, -1116986 ] )  , 
( [562434, 597031 ] -> [562435, 597030 ] )  , 
( [562434, 597031 ] -> [562534, 596931 ] )  , 
( [789373, -359703 ] -> [789374, -359704 ] )  , 
( [789373, -359703 ] -> [789473, -359803 ] )  , 
( [955187, -1459715 ] -> [955188, -1459716 ] )  , 
( [955187, -1459715 ] -> [955287, -1459815 ] )  , 
( [505952, 1182721 ] -> [505953, 1182720 ] )  , 
( [505952, 1182721 ] -> [506052, 1182621 ] )  , 
( [861226, 756443 ] -> [861227, 756442 ] )  , 
( [861226, 756443 ] -> [861326, 756343 ] )  , 
( [707162, -777843 ] -> [707163, -777844 ] )  , 
( [707162, -777843 ] -> [707262, -777943 ] )  , 
( [714341, 89551 ] -> [714342, 89550 ] )  , 
( [714341, 89551 ] -> [714441, 89451 ] )  , 
( [838527, -617336 ] -> [838528, -617337 ] )  , 
( [838527, -617336 ] -> [838627, -617436 ] )  , 
( [768486, 272111 ] -> [768487, 272110 ] )  , 
( [768486, 272111 ] -> [768586, 272011 ] )  , 
( [999230, 1262193 ] -> [999231, 1262192 ] )  , 
( [999230, 1262193 ] -> [999330, 1262093 ] )  , 
( [697319, -125780 ] -> [697320, -125781 ] )  , 
( [697319, -125780 ] -> [697419, -125880 ] )  , 
( [579397, -1431290 ] -> [579398, -1431291 ] )  , 
( [579397, -1431290 ] -> [579497, -1431390 ] )  , 
( [860973, 829197 ] -> [860974, 829196 ] )  , 
( [860973, 829197 ] -> [861073, 829097 ] )  , 
( [719980, -1227306 ] -> [719981, -1227307 ] )  , 
( [719980, -1227306 ] -> [720080, -1227406 ] )  , 
( [828431, -201095 ] -> [828432, -201096 ] )  , 
( [828431, -201095 ] -> [828531, -201195 ] )  , 
( [919269, -886649 ] -> [919270, -886650 ] )  , 
( [919269, -886649 ] -> [919369, -886749 ] )  , 
( [525014, -1044225 ] -> [525015, -1044226 ] )  , 
( [525014, -1044225 ] -> [525114, -1044325 ] )  , 
( [593927, 709282 ] -> [593928, 709281 ] )  , 
( [593927, 709282 ] -> [594027, 709182 ] )  , 
( [621915, -501056 ] -> [621916, -501057 ] )  , 
( [621915, -501056 ] -> [622015, -501156 ] )  , 
( [687816, -705305 ] -> [687817, -705306 ] )  , 
( [687816, -705305 ] -> [687916, -705405 ] )  , 
( [984405, 1309291 ] -> [984406, 1309290 ] )  , 
( [984405, 1309291 ] -> [984505, 1309191 ] )  , 
( [950332, 275082 ] -> [950333, 275081 ] )  , 
( [950332, 275082 ] -> [950432, 274982 ] )  , 
( [773568, -1337874 ] -> [773569, -1337875 ] )  , 
( [773568, -1337874 ] -> [773668, -1337974 ] )  , 
( [721295, -1229361 ] -> [721296, -1229362 ] )  , 
( [721295, -1229361 ] -> [721395, -1229461 ] )  , 
( [974503, -690862 ] -> [974504, -690863 ] )  , 
( [974503, -690862 ] -> [974603, -690962 ] )  , 
( [737238, -1071677 ] -> [737239, -1071678 ] )  , 
( [737238, -1071677 ] -> [737338, -1071777 ] )  , 
( [881302, -1214870 ] -> [881303, -1214871 ] )  , 
( [881302, -1214870 ] -> [881402, -1214970 ] )  , 
( [912563, -776562 ] -> [912564, -776563 ] )  , 
( [912563, -776562 ] -> [912663, -776662 ] )  , 
( [649090, -727684 ] -> [649091, -727685 ] )  , 
( [649090, -727684 ] -> [649190, -727784 ] )  , 
( [583492, 961128 ] -> [583493, 961127 ] )  , 
( [583492, 961128 ] -> [583592, 961028 ] )  , 
( [951823, -733121 ] -> [951824, -733122 ] )  , 
( [951823, -733121 ] -> [951923, -733221 ] )  , 
( [661691, -1433469 ] -> [661692, -1433470 ] )  , 
( [661691, -1433469 ] -> [661791, -1433569 ] )  , 
( [743946, 262118 ] -> [743947, 262117 ] )  , 
( [743946, 262118 ] -> [744046, 262018 ] )  , 
( [668193, -433713 ] -> [668194, -433714 ] )  , 
( [668193, -433713 ] -> [668293, -433813 ] )  , 
( [820457, 603445 ] -> [820458, 603444 ] )  , 
( [820457, 603445 ] -> [820557, 603345 ] )  , 
( [896375, 443487 ] -> [896376, 443486 ] )  , 
( [896375, 443487 ] -> [896475, 443387 ] )  , 
( [720153, 420471 ] -> [720154, 420470 ] )  , 
( [720153, 420471 ] -> [720253, 420371 ] )  , 
( [820726, 396105 ] -> [820727, 396104 ] )  , 
( [820726, 396105 ] -> [820826, 396005 ] )  , 
( [533750, -702647 ] -> [533751, -702648 ] )  , 
( [533750, -702647 ] -> [533850, -702747 ] )  , 
( [701685, 66159 ] -> [701686, 66158 ] )  , 
( [701685, 66159 ] -> [701785, 66059 ] )  , 
( [807654, -132756 ] -> [807655, -132757 ] )  , 
( [807654, -132756 ] -> [807754, -132856 ] )  , 
( [880761, -67236 ] -> [880762, -67237 ] )  , 
( [880761, -67236 ] -> [880861, -67336 ] )  , 
( [984017, -910500 ] -> [984018, -910501 ] )  , 
( [984017, -910500 ] -> [984117, -910600 ] )  , 
( [906202, -224106 ] -> [906203, -224107 ] )  , 
( [906202, -224106 ] -> [906302, -224206 ] )  , 
( [783468, 1057241 ] -> [783469, 1057240 ] )  , 
( [783468, 1057241 ] -> [783568, 1057141 ] )  , 
( [687866, 1279224 ] -> [687867, 1279223 ] )  , 
( [687866, 1279224 ] -> [687966, 1279124 ] )  , 
( [687511, 49501 ] -> [687512, 49500 ] )  , 
( [687511, 49501 ] -> [687611, 49401 ] )  , 
( [597111, 1371934 ] -> [597112, 1371933 ] )  , 
( [597111, 1371934 ] -> [597211, 1371834 ] )  , 
( [748415, 1498778 ] -> [748416, 1498777 ] )  , 
( [748415, 1498778 ] -> [748515, 1498678 ] )  , 
( [690286, 975690 ] -> [690287, 975689 ] )  , 
( [690286, 975690 ] -> [690386, 975590 ] )  , 
( [745606, 217508 ] -> [745607, 217507 ] )  , 
( [745606, 217508 ] -> [745706, 217408 ] )  , 
( [816947, 1268442 ] -> [816948, 1268441 ] )  , 
( [816947, 1268442 ] -> [817047, 1268342 ] )  , 
( [884952, -431775 ] -> [884953, -431776 ] )  , 
( [884952, -431775 ] -> [885052, -431875 ] )  , 
( [854288, -594246 ] -> [854289, -594247 ] )  , 
( [854288, -594246 ] -> [854388, -594346 ] )  , 
( [714385, -316453 ] -> [714386, -316454 ] )  , 
( [714385, -316453 ] -> [714485, -316553 ] )  , 
( [540277, -852522 ] -> [540278, -852523 ] )  , 
( [540277, -852522 ] -> [540377, -852622 ] )  , 
( [681852, 106680 ] -> [681853, 106679 ] )  , 
( [681852, 106680 ] -> [681952, 106580 ] )  , 
( [597916, -124592 ] -> [597917, -124593 ] )  , 
( [597916, -124592 ] -> [598016, -124692 ] )  , 
( [988462, -849353 ] -> [988463, -849354 ] )  , 
( [988462, -849353 ] -> [988562, -849453 ] )  , 
( [793951, -259782 ] -> [793952, -259783 ] )  , 
( [793951, -259782 ] -> [794051, -259882 ] )  , 
( [937745, -1233772 ] -> [937746, -1233773 ] )  , 
( [937745, -1233772 ] -> [937845, -1233872 ] )  , 
( [535408, -450468 ] -> [535409, -450469 ] )  , 
( [535408, -450468 ] -> [535508, -450568 ] )  , 
( [597699, -1402047 ] -> [597700, -1402048 ] )  , 
( [597699, -1402047 ] -> [597799, -1402147 ] )  , 
( [706447, -1434080 ] -> [706448, -1434081 ] )  , 
( [706447, -1434080 ] -> [706547, -1434180 ] )  , 
( [652159, -578790 ] -> [652160, -578791 ] )  , 
( [652159, -578790 ] -> [652259, -578890 ] )  , 
( [567088, 1210035 ] -> [567089, 1210034 ] )  , 
( [567088, 1210035 ] -> [567188, 1209935 ] )  , 
( [847913, -562730 ] -> [847914, -562731 ] )  , 
( [847913, -562730 ] -> [848013, -562830 ] )  , 
( [806445, 1178749 ] -> [806446, 1178748 ] )  , 
( [806445, 1178749 ] -> [806545, 1178649 ] )  , 
( [727434, -536016 ] -> [727435, -536017 ] )  , 
( [727434, -536016 ] -> [727534, -536116 ] )  , 
( [645772, -861028 ] -> [645773, -861029 ] )  , 
( [645772, -861028 ] -> [645872, -861128 ] )  , 
( [863282, -479016 ] -> [863283, -479017 ] )  , 
( [863282, -479016 ] -> [863382, -479116 ] )  , 
( [664237, -661905 ] -> [664238, -661906 ] )  , 
( [664237, -661905 ] -> [664337, -662005 ] )  , 
( [946718, -1293750 ] -> [946719, -1293751 ] )  , 
( [946718, -1293750 ] -> [946818, -1293850 ] )  , 
( [784352, -751136 ] -> [784353, -751137 ] )  , 
( [784352, -751136 ] -> [784452, -751236 ] )  , 
( [805657, -1164813 ] -> [805658, -1164814 ] )  , 
( [805657, -1164813 ] -> [805757, -1164913 ] )  , 
( [829954, -721746 ] -> [829955, -721747 ] )  , 
( [829954, -721746 ] -> [830054, -721846 ] )  , 
( [870082, 1053502 ] -> [870083, 1053501 ] )  , 
( [870082, 1053502 ] -> [870182, 1053402 ] )  , 
( [833967, -1088253 ] -> [833968, -1088254 ] )  , 
( [833967, -1088253 ] -> [834067, -1088353 ] )  , 
( [631969, 1004277 ] -> [631970, 1004276 ] )  , 
( [631969, 1004277 ] -> [632069, 1004177 ] )  , 
( [847963, -1096941 ] -> [847964, -1096942 ] )  , 
( [847963, -1096941 ] -> [848063, -1097041 ] )  , 
( [976366, 1473454 ] -> [976367, 1473453 ] )  , 
( [976366, 1473454 ] -> [976466, 1473354 ] )  , 
( [765432, 510423 ] -> [765433, 510422 ] )  , 
( [765432, 510423 ] -> [765532, 510323 ] )  , 
( [914770, 298376 ] -> [914771, 298375 ] )  , 
( [914770, 298376 ] -> [914870, 298276 ] )  , 
( [872090, -1004450 ] -> [872091, -1004451 ] )  , 
( [872090, -1004450 ] -> [872190, -1004550 ] )  , 
( [682269, 525289 ] -> [682270, 525288 ] )  , 
( [682269, 525289 ] -> [682369, 525189 ] )  , 
( [995400, -460240 ] -> [995401, -460241 ] )  , 
( [995400, -460240 ] -> [995500, -460340 ] )  , 
( [974072, 868705 ] -> [974073, 868704 ] )  , 
( [974072, 868705 ] -> [974172, 868605 ] )  , 
( [851267, 165179 ] -> [851268, 165178 ] )  , 
( [851267, 165179 ] -> [851367, 165079 ] )  , 
( [773851, 358484 ] -> [773852, 358483 ] )  , 
( [773851, 358484 ] -> [773951, 358384 ] )  , 
( [992652, -271401 ] -> [992653, -271402 ] )  , 
( [992652, -271401 ] -> [992752, -271501 ] )  , 
( [766062, -1232923 ] -> [766063, -1232924 ] )  , 
( [766062, -1232923 ] -> [766162, -1233023 ] )  , 
( [539834, 1417614 ] -> [539835, 1417613 ] )  , 
( [539834, 1417614 ] -> [539934, 1417514 ] )  , 
( [876744, -559075 ] -> [876745, -559076 ] )  , 
( [876744, -559075 ] -> [876844, -559175 ] )  , 
( [907587, -1372466 ] -> [907588, -1372467 ] )  , 
( [907587, -1372466 ] -> [907687, -1372566 ] )  , 
( [821825, 1281716 ] -> [821826, 1281715 ] )  , 
( [821825, 1281716 ] -> [821925, 1281616 ] )  , 
( [669631, -1020833 ] -> [669632, -1020834 ] )  , 
( [669631, -1020833 ] -> [669731, -1020933 ] )  , 
( [649987, -1145 ] -> [649988, -1146 ] )  , 
( [649987, -1145 ] -> [650087, -1245 ] )  , 
( [662593, 555502 ] -> [662594, 555501 ] )  , 
( [662593, 555502 ] -> [662693, 555402 ] )  , 
( [540043, -580290 ] -> [540044, -580291 ] )  , 
( [540043, -580290 ] -> [540143, -580390 ] )  , 
( [798347, -184672 ] -> [798348, -184673 ] )  , 
( [798347, -184672 ] -> [798447, -184772 ] )  , 
( [771136, -167960 ] -> [771137, -167961 ] )  , 
( [771136, -167960 ] -> [771236, -168060 ] )  , 
( [988232, 188948 ] -> [988233, 188947 ] )  , 
( [988232, 188948 ] -> [988332, 188848 ] )  , 
( [625528, -1312166 ] -> [625529, -1312167 ] )  , 
( [625528, -1312166 ] -> [625628, -1312266 ] )  , 
( [919137, -1273237 ] -> [919138, -1273238 ] )  , 
( [919137, -1273237 ] -> [919237, -1273337 ] )  , 
( [772369, -1338953 ] -> [772370, -1338954 ] )  , 
( [772369, -1338953 ] -> [772469, -1339053 ] )  , 
( [842617, 699517 ] -> [842618, 699516 ] )  , 
( [842617, 699517 ] -> [842717, 699417 ] )  , 
( [918132, -186534 ] -> [918133, -186535 ] )  , 
( [918132, -186534 ] -> [918232, -186634 ] )  , 
( [682861, -127539 ] -> [682862, -127540 ] )  , 
( [682861, -127539 ] -> [682961, -127639 ] )  , 
( [899180, 1081622 ] -> [899181, 1081621 ] )  , 
( [899180, 1081622 ] -> [899280, 1081522 ] )  , 
( [971974, -760843 ] -> [971975, -760844 ] )  , 
( [971974, -760843 ] -> [972074, -760943 ] )  , 





P = 0,t = 0:	((1*x + 2*y <= 0) /\ (-2*x + 2*y <= 0)) \/ ((0*x + 1*y <= 0) /\ (1*x + -1*y <= 0))	(cost, a) = (0.0,-1)	   

P = 1,t = 0:	((1*x + 2*y <= 0) /\ (-2*x + 2*y <= 0)) \/ ((0*x + 1*y <= 0) /\ (1*x + -1*y <= 0))	(cost, a) = (0.0,-1)	   

P = 2,t = 0:	((1*x + 2*y <= 0) /\ (-2*x + 2*y <= 0)) \/ ((0*x + 1*y <= 0) /\ (1*x + -1*y <= 0))	(cost, a) = (0.0,-1)	   

P = 3,t = 0:	((1*x + 2*y <= 0) /\ (-2*x + 2*y <= 0)) \/ ((0*x + 1*y <= 0) /\ (1*x + -1*y <= 0))	(cost, a) = (0.0,-1)	   

Z3 Call 1:
	Timeout = 0
	z3_correct = 0
	e value = 0.5

	Original-selection-points:

		+ := 
[0, 0 ] , 

		- := 
[1008844, 0 ] , 
[1009168, 0 ] , 
[1017416, 0 ] , 
[1017923, 0 ] , 
[1018476, 0 ] , 
[1018932, 0 ] , 
[1028522, 0 ] , 
[1030806, 0 ] , 
[1034348, 0 ] , 
[1034844, 0 ] , 
[1037525, 0 ] , 
[1044959, 0 ] , 
[1048624, 0 ] , 
[1051760, 0 ] , 
[1082786, 0 ] , 
[1089520, 0 ] , 
[1089540, 0 ] , 
[1090252, 0 ] , 
[1090394, 0 ] , 
[1091054, 0 ] , 
[1093587, 0 ] , 
[1093715, 0 ] , 
[1093854, 0 ] , 
[1094485, 0 ] , 
[1117464, 0 ] , 
[1119271, 0 ] , 
[1124479, 0 ] , 
[1124838, 0 ] , 
[1126342, 0 ] , 
[1126574, 0 ] , 
[1128626, 0 ] , 
[1133194, 0 ] , 
[1136356, 0 ] , 
[1136583, 0 ] , 
[1140141, 0 ] , 
[1140762, 0 ] , 
[1143668, 0 ] , 
[1144748, 0 ] , 
[1145249, 0 ] , 
[1150130, 0 ] , 
[1154385, 0 ] , 
[1158906, 0 ] , 
[1160544, 0 ] , 
[1163166, 0 ] , 
[1169822, 0 ] , 
[1170160, 0 ] , 
[1170961, 0 ] , 
[1181855, 0 ] , 
[1182277, 0 ] , 
[1184049, 0 ] , 
[1186657, 0 ] , 
[1188576, 0 ] , 
[1189639, 0 ] , 
[1192347, 0 ] , 
[1197435, 0 ] , 
[1200970, 0 ] , 
[1201083, 0 ] , 
[1201457, 0 ] , 
[1203678, 0 ] , 
[1204755, 0 ] , 
[1217319, 0 ] , 
[1221180, 0 ] , 
[1223059, 0 ] , 
[1223201, 0 ] , 
[1230048, 0 ] , 
[1260054, 0 ] , 
[1262935, 0 ] , 
[1263758, 0 ] , 
[1265956, 0 ] , 
[1270234, 0 ] , 
[1271109, 0 ] , 
[1277557, 0 ] , 
[1278493, 0 ] , 
[1285865, 0 ] , 
[1287198, 0 ] , 
[1287685, 0 ] , 
[1290306, 0 ] , 
[1290970, 0 ] , 
[1293954, 0 ] , 
[1295628, 0 ] , 
[1304798, 0 ] , 
[1305939, 0 ] , 
[1307746, 0 ] , 
[1310081, 0 ] , 
[1314102, 0 ] , 
[1319214, 0 ] , 
[1322310, 0 ] , 
[1326968, 0 ] , 
[1332948, 0 ] , 
[1339171, 0 ] , 
[1344174, 0 ] , 
[1345282, 0 ] , 
[1346327, 0 ] , 
[1346379, 0 ] , 
[1351375, 0 ] , 
[1351508, 0 ] , 
[1353466, 0 ] , 
[1355898, 0 ] , 
[1358374, 0 ] , 
[1360113, 0 ] , 
[1362369, 0 ] , 
[1374363, 0 ] , 
[1374539, 0 ] , 
[1376250, 0 ] , 
[1377288, 0 ] , 
[1377889, 0 ] , 
[1382404, 0 ] , 
[1383840, 0 ] , 
[1384237, 0 ] , 
[1384559, 0 ] , 
[1387056, 0 ] , 
[1391979, 0 ] , 
[1397841, 0 ] , 
[1400873, 0 ] , 
[1403846, 0 ] , 
[1404222, 0 ] , 
[1404408, 0 ] , 
[1405962, 0 ] , 
[1410149, 0 ] , 
[1411232, 0 ] , 
[1412352, 0 ] , 
[1412903, 0 ] , 
[1415335, 0 ] , 
[1415363, 0 ] , 
[1418651, 0 ] , 
[1419323, 0 ] , 
[1420487, 0 ] , 
[1427256, 0 ] , 
[1427877, 0 ] , 
[1430047, 0 ] , 
[1430183, 0 ] , 
[1433363, 0 ] , 
[1440541, 0 ] , 
[1446385, 0 ] , 
[1452303, 0 ] , 
[1456055, 0 ] , 
[1456452, 0 ] , 
[1458589, 0 ] , 
[1463838, 0 ] , 
[1467011, 0 ] , 
[1473098, 0 ] , 
[1474935, 0 ] , 
[1475155, 0 ] , 
[1477058, 0 ] , 
[1477103, 0 ] , 
[1479018, 0 ] , 
[1483252, 0 ] , 
[1485230, 0 ] , 
[1491521, 0 ] , 
[1491758, 0 ] , 
[1493968, 0 ] , 

		-> := 
( [-1303446, -735433 ] -> [-1303445, -735432 ] )  , 
( [-1303446, -735433 ] -> [-1303346, -735333 ] )  , 
( [-523757, 202617 ] -> [-523756, 202618 ] )  , 
( [-523757, 202617 ] -> [-523657, 202717 ] )  , 
( [-486240, 167644 ] -> [-486239, 167645 ] )  , 
( [-486240, 167644 ] -> [-486140, 167744 ] )  , 
( [-323909, -534651 ] -> [-323908, -534650 ] )  , 
( [-323909, -534651 ] -> [-323809, -534551 ] )  , 
( [-342151, -318010 ] -> [-342150, -318009 ] )  , 
( [-342151, -318010 ] -> [-342051, -317910 ] )  , 
( [248773, 867387 ] -> [248774, 867388 ] )  , 
( [248773, 867387 ] -> [248873, 867487 ] )  , 
( [-696228, -1153472 ] -> [-696227, -1153471 ] )  , 
( [-696228, -1153472 ] -> [-696128, -1153372 ] )  , 
( [147077, -1486298 ] -> [147078, -1486297 ] )  , 
( [147077, -1486298 ] -> [147177, -1486198 ] )  , 
( [-1230865, 551465 ] -> [-1230864, 551466 ] )  , 
( [-1230865, 551465 ] -> [-1230765, 551565 ] )  , 
( [-313079, 870109 ] -> [-313078, 870110 ] )  , 
( [-313079, 870109 ] -> [-312979, 870209 ] )  , 
( [-76067, -404614 ] -> [-76066, -404613 ] )  , 
( [-76067, -404614 ] -> [-75967, -404514 ] )  , 
( [-745112, -428543 ] -> [-745111, -428542 ] )  , 
( [-745112, -428543 ] -> [-745012, -428443 ] )  , 
( [-647541, -27240 ] -> [-647540, -27239 ] )  , 
( [-647541, -27240 ] -> [-647441, -27140 ] )  , 
( [-1453240, 196123 ] -> [-1453239, 196124 ] )  , 
( [-1453240, 196123 ] -> [-1453140, 196223 ] )  , 
( [431183, -1388839 ] -> [431184, -1388838 ] )  , 
( [431183, -1388839 ] -> [431283, -1388739 ] )  , 
( [-963036, 1145911 ] -> [-963035, 1145912 ] )  , 
( [-963036, 1145911 ] -> [-962936, 1146011 ] )  , 
( [-703924, 1466038 ] -> [-703923, 1466039 ] )  , 
( [-703924, 1466038 ] -> [-703824, 1466138 ] )  , 
( [-1076888, 379047 ] -> [-1076887, 379048 ] )  , 
( [-1076888, 379047 ] -> [-1076788, 379147 ] )  , 
( [424244, -192544 ] -> [424245, -192543 ] )  , 
( [424244, -192544 ] -> [424344, -192444 ] )  , 
( [-1230448, -427291 ] -> [-1230447, -427290 ] )  , 
( [-1230448, -427291 ] -> [-1230348, -427191 ] )  , 
( [-794593, 706543 ] -> [-794592, 706544 ] )  , 
( [-794593, 706543 ] -> [-794493, 706643 ] )  , 
( [-169222, 1346349 ] -> [-169221, 1346350 ] )  , 
( [-169222, 1346349 ] -> [-169122, 1346449 ] )  , 
( [168364, -492101 ] -> [168365, -492100 ] )  , 
( [168364, -492101 ] -> [168464, -492001 ] )  , 
( [-851903, 109944 ] -> [-851902, 109945 ] )  , 
( [-851903, 109944 ] -> [-851803, 110044 ] )  , 
( [-583300, -1137093 ] -> [-583299, -1137092 ] )  , 
( [-583300, -1137093 ] -> [-583200, -1136993 ] )  , 
( [-227856, -1055865 ] -> [-227855, -1055864 ] )  , 
( [-227856, -1055865 ] -> [-227756, -1055765 ] )  , 
( [412947, -261331 ] -> [412948, -261330 ] )  , 
( [412947, -261331 ] -> [413047, -261231 ] )  , 
( [-824086, 1372117 ] -> [-824085, 1372118 ] )  , 
( [-824086, 1372117 ] -> [-823986, 1372217 ] )  , 
( [-1338149, 1133340 ] -> [-1338148, 1133341 ] )  , 
( [-1338149, 1133340 ] -> [-1338049, 1133440 ] )  , 
( [-1450635, 1355976 ] -> [-1450634, 1355977 ] )  , 
( [-1450635, 1355976 ] -> [-1450535, 1356076 ] )  , 
( [-284248, -1093885 ] -> [-284247, -1093884 ] )  , 
( [-284248, -1093885 ] -> [-284148, -1093785 ] )  , 
( [-679282, 1349312 ] -> [-679281, 1349313 ] )  , 
( [-679282, 1349312 ] -> [-679182, 1349412 ] )  , 
( [26325, -480463 ] -> [26326, -480462 ] )  , 
( [26325, -480463 ] -> [26425, -480363 ] )  , 
( [-621722, 833372 ] -> [-621721, 833373 ] )  , 
( [-621722, 833372 ] -> [-621622, 833472 ] )  , 
( [-1025267, -84268 ] -> [-1025266, -84267 ] )  , 
( [-1025267, -84268 ] -> [-1025167, -84168 ] )  , 
( [-620591, 1268646 ] -> [-620590, 1268647 ] )  , 
( [-620591, 1268646 ] -> [-620491, 1268746 ] )  , 
( [-640226, 1423209 ] -> [-640225, 1423210 ] )  , 
( [-640226, 1423209 ] -> [-640126, 1423309 ] )  , 
( [-1321889, -332042 ] -> [-1321888, -332041 ] )  , 
( [-1321889, -332042 ] -> [-1321789, -331942 ] )  , 
( [-956837, 172389 ] -> [-956836, 172390 ] )  , 
( [-956837, 172389 ] -> [-956737, 172489 ] )  , 
( [-571140, 168680 ] -> [-571139, 168681 ] )  , 
( [-571140, 168680 ] -> [-571040, 168780 ] )  , 
( [-675784, 1028731 ] -> [-675783, 1028732 ] )  , 
( [-675784, 1028731 ] -> [-675684, 1028831 ] )  , 
( [-269395, 932716 ] -> [-269394, 932717 ] )  , 
( [-269395, 932716 ] -> [-269295, 932816 ] )  , 
( [-955418, -10233 ] -> [-955417, -10232 ] )  , 
( [-955418, -10233 ] -> [-955318, -10133 ] )  , 
( [-572423, -25883 ] -> [-572422, -25882 ] )  , 
( [-572423, -25883 ] -> [-572323, -25783 ] )  , 
( [232892, -1148015 ] -> [232893, -1148014 ] )  , 
( [232892, -1148015 ] -> [232992, -1147915 ] )  , 
( [246919, 1271559 ] -> [246920, 1271560 ] )  , 
( [246919, 1271559 ] -> [247019, 1271659 ] )  , 
( [-1485615, -60247 ] -> [-1485614, -60246 ] )  , 
( [-1485615, -60247 ] -> [-1485515, -60147 ] )  , 
( [-1296279, -584926 ] -> [-1296278, -584925 ] )  , 
( [-1296279, -584926 ] -> [-1296179, -584826 ] )  , 
( [394966, 130615 ] -> [394967, 130616 ] )  , 
( [394966, 130615 ] -> [395066, 130715 ] )  , 
( [-999456, -1224560 ] -> [-999455, -1224559 ] )  , 
( [-999456, -1224560 ] -> [-999356, -1224460 ] )  , 
( [-213631, 125001 ] -> [-213630, 125002 ] )  , 
( [-213631, 125001 ] -> [-213531, 125101 ] )  , 
( [-738747, 186537 ] -> [-738746, 186538 ] )  , 
( [-738747, 186537 ] -> [-738647, 186637 ] )  , 
( [-395080, -541000 ] -> [-395079, -540999 ] )  , 
( [-395080, -541000 ] -> [-394980, -540900 ] )  , 
( [-425078, -975807 ] -> [-425077, -975806 ] )  , 
( [-425078, -975807 ] -> [-424978, -975707 ] )  , 
( [102445, 684621 ] -> [102446, 684622 ] )  , 
( [102445, 684621 ] -> [102545, 684721 ] )  , 
( [185588, 223838 ] -> [185589, 223839 ] )  , 
( [185588, 223838 ] -> [185688, 223938 ] )  , 
( [-1388306, 369217 ] -> [-1388305, 369218 ] )  , 
( [-1388306, 369217 ] -> [-1388206, 369317 ] )  , 
( [-1354591, 622264 ] -> [-1354590, 622265 ] )  , 
( [-1354591, 622264 ] -> [-1354491, 622364 ] )  , 
( [-43160, -1020814 ] -> [-43159, -1020813 ] )  , 
( [-43160, -1020814 ] -> [-43060, -1020714 ] )  , 
( [-1104799, -1232490 ] -> [-1104798, -1232489 ] )  , 
( [-1104799, -1232490 ] -> [-1104699, -1232390 ] )  , 
( [-1106780, -77474 ] -> [-1106779, -77473 ] )  , 
( [-1106780, -77474 ] -> [-1106680, -77374 ] )  , 
( [50451, 1129376 ] -> [50452, 1129377 ] )  , 
( [50451, 1129376 ] -> [50551, 1129476 ] )  , 
( [-164457, 309132 ] -> [-164456, 309133 ] )  , 
( [-164457, 309132 ] -> [-164357, 309232 ] )  , 
( [-776859, -903458 ] -> [-776858, -903457 ] )  , 
( [-776859, -903458 ] -> [-776759, -903358 ] )  , 
( [-1229839, -1476223 ] -> [-1229838, -1476222 ] )  , 
( [-1229839, -1476223 ] -> [-1229739, -1476123 ] )  , 
( [-880426, -857795 ] -> [-880425, -857794 ] )  , 
( [-880426, -857795 ] -> [-880326, -857695 ] )  , 
( [3545, -1335681 ] -> [3546, -1335680 ] )  , 
( [3545, -1335681 ] -> [3645, -1335581 ] )  , 
( [-1252511, 1002744 ] -> [-1252510, 1002745 ] )  , 
( [-1252511, 1002744 ] -> [-1252411, 1002844 ] )  , 
( [-1490717, -103459 ] -> [-1490716, -103458 ] )  , 
( [-1490717, -103459 ] -> [-1490617, -103359 ] )  , 
( [-1345815, 1363681 ] -> [-1345814, 1363682 ] )  , 
( [-1345815, 1363681 ] -> [-1345715, 1363781 ] )  , 
( [87823, 891327 ] -> [87824, 891328 ] )  , 
( [87823, 891327 ] -> [87923, 891427 ] )  , 
( [440130, 495603 ] -> [440131, 495604 ] )  , 
( [440130, 495603 ] -> [440230, 495703 ] )  , 
( [-613441, -1100988 ] -> [-613440, -1100987 ] )  , 
( [-613441, -1100988 ] -> [-613341, -1100888 ] )  , 
( [-637896, 858210 ] -> [-637895, 858211 ] )  , 
( [-637896, 858210 ] -> [-637796, 858310 ] )  , 
( [-66775, 1088160 ] -> [-66774, 1088161 ] )  , 
( [-66775, 1088160 ] -> [-66675, 1088260 ] )  , 
( [-337804, -721347 ] -> [-337803, -721346 ] )  , 
( [-337804, -721347 ] -> [-337704, -721247 ] )  , 
( [-114788, -910743 ] -> [-114787, -910742 ] )  , 
( [-114788, -910743 ] -> [-114688, -910643 ] )  , 
( [209540, -1092767 ] -> [209541, -1092766 ] )  , 
( [209540, -1092767 ] -> [209640, -1092667 ] )  , 
( [-251373, 1396091 ] -> [-251372, 1396092 ] )  , 
( [-251373, 1396091 ] -> [-251273, 1396191 ] )  , 
( [356400, 1411132 ] -> [356401, 1411133 ] )  , 
( [356400, 1411132 ] -> [356500, 1411232 ] )  , 
( [-541304, -1203721 ] -> [-541303, -1203720 ] )  , 
( [-541304, -1203721 ] -> [-541204, -1203621 ] )  , 
( [-1395859, -885450 ] -> [-1395858, -885449 ] )  , 
( [-1395859, -885450 ] -> [-1395759, -885350 ] )  , 
( [-1057187, -1196485 ] -> [-1057186, -1196484 ] )  , 
( [-1057187, -1196485 ] -> [-1057087, -1196385 ] )  , 
( [-446991, 4044 ] -> [-446990, 4045 ] )  , 
( [-446991, 4044 ] -> [-446891, 4144 ] )  , 
( [96426, -1214160 ] -> [96427, -1214159 ] )  , 
( [96426, -1214160 ] -> [96526, -1214060 ] )  , 
( [-532527, 1478417 ] -> [-532526, 1478418 ] )  , 
( [-532527, 1478417 ] -> [-532427, 1478517 ] )  , 
( [-808021, -449765 ] -> [-808020, -449764 ] )  , 
( [-808021, -449765 ] -> [-807921, -449665 ] )  , 
( [-1172664, 132567 ] -> [-1172663, 132568 ] )  , 
( [-1172664, 132567 ] -> [-1172564, 132667 ] )  , 
( [-1444598, -657921 ] -> [-1444597, -657920 ] )  , 
( [-1444598, -657921 ] -> [-1444498, -657821 ] )  , 
( [-427760, -40199 ] -> [-427759, -40198 ] )  , 
( [-427760, -40199 ] -> [-427660, -40099 ] )  , 
( [-347040, 737788 ] -> [-347039, 737789 ] )  , 
( [-347040, 737788 ] -> [-346940, 737888 ] )  , 
( [-705768, -1425751 ] -> [-705767, -1425750 ] )  , 
( [-705768, -1425751 ] -> [-705668, -1425651 ] )  , 
( [405120, -785315 ] -> [405121, -785314 ] )  , 
( [405120, -785315 ] -> [405220, -785215 ] )  , 
( [-1374052, 1371375 ] -> [-1374051, 1371376 ] )  , 
( [-1374052, 1371375 ] -> [-1373952, 1371475 ] )  , 
( [217132, -53923 ] -> [217133, -53922 ] )  , 
( [217132, -53923 ] -> [217232, -53823 ] )  , 
( [-636683, -522371 ] -> [-636682, -522370 ] )  , 
( [-636683, -522371 ] -> [-636583, -522271 ] )  , 
( [-775372, -251105 ] -> [-775371, -251104 ] )  , 
( [-775372, -251105 ] -> [-775272, -251005 ] )  , 
( [-1476226, 1361070 ] -> [-1476225, 1361071 ] )  , 
( [-1476226, 1361070 ] -> [-1476126, 1361170 ] )  , 
( [-1402155, -766702 ] -> [-1402154, -766701 ] )  , 
( [-1402155, -766702 ] -> [-1402055, -766602 ] )  , 
( [51372, -1402273 ] -> [51373, -1402272 ] )  , 
( [51372, -1402273 ] -> [51472, -1402173 ] )  , 
( [-182382, 830996 ] -> [-182381, 830997 ] )  , 
( [-182382, 830996 ] -> [-182282, 831096 ] )  , 
( [-599596, 639494 ] -> [-599595, 639495 ] )  , 
( [-599596, 639494 ] -> [-599496, 639594 ] )  , 
( [342571, -858689 ] -> [342572, -858688 ] )  , 
( [342571, -858689 ] -> [342671, -858589 ] )  , 
( [-932830, 587553 ] -> [-932829, 587554 ] )  , 
( [-932830, 587553 ] -> [-932730, 587653 ] )  , 
( [-767438, -791587 ] -> [-767437, -791586 ] )  , 
( [-767438, -791587 ] -> [-767338, -791487 ] )  , 
( [104948, -183625 ] -> [104949, -183624 ] )  , 
( [104948, -183625 ] -> [105048, -183525 ] )  , 
( [-965877, -1326137 ] -> [-965876, -1326136 ] )  , 
( [-965877, -1326137 ] -> [-965777, -1326037 ] )  , 
( [316865, 1113186 ] -> [316866, 1113187 ] )  , 
( [316865, 1113186 ] -> [316965, 1113286 ] )  , 
( [271411, 674447 ] -> [271412, 674448 ] )  , 
( [271411, 674447 ] -> [271511, 674547 ] )  , 
( [410107, 1163799 ] -> [410108, 1163800 ] )  , 
( [410107, 1163799 ] -> [410207, 1163899 ] )  , 
( [-1418364, -103079 ] -> [-1418363, -103078 ] )  , 
( [-1418364, -103079 ] -> [-1418264, -102979 ] )  , 
( [150516, -1153179 ] -> [150517, -1153178 ] )  , 
( [150516, -1153179 ] -> [150616, -1153079 ] )  , 
( [-264855, -838307 ] -> [-264854, -838306 ] )  , 
( [-264855, -838307 ] -> [-264755, -838207 ] )  , 
( [-1432648, -1020355 ] -> [-1432647, -1020354 ] )  , 
( [-1432648, -1020355 ] -> [-1432548, -1020255 ] )  , 
( [-1175769, -1066372 ] -> [-1175768, -1066371 ] )  , 
( [-1175769, -1066372 ] -> [-1175669, -1066272 ] )  , 
( [142060, -1398440 ] -> [142061, -1398439 ] )  , 
( [142060, -1398440 ] -> [142160, -1398340 ] )  , 
( [-1425933, -352438 ] -> [-1425932, -352437 ] )  , 
( [-1425933, -352438 ] -> [-1425833, -352338 ] )  , 
( [415987, -578099 ] -> [415988, -578098 ] )  , 
( [415987, -578099 ] -> [416087, -577999 ] )  , 
( [364206, 1202146 ] -> [364207, 1202147 ] )  , 
( [364206, 1202146 ] -> [364306, 1202246 ] )  , 
( [-1047960, -103092 ] -> [-1047959, -103091 ] )  , 
( [-1047960, -103092 ] -> [-1047860, -102992 ] )  , 
( [-1247202, -918932 ] -> [-1247201, -918931 ] )  , 
( [-1247202, -918932 ] -> [-1247102, -918832 ] )  , 
( [-1240189, 26395 ] -> [-1240188, 26396 ] )  , 
( [-1240189, 26395 ] -> [-1240089, 26495 ] )  , 
( [-692532, -1136186 ] -> [-692531, -1136185 ] )  , 
( [-692532, -1136186 ] -> [-692432, -1136086 ] )  , 
( [-1117606, -1253275 ] -> [-1117605, -1253274 ] )  , 
( [-1117606, -1253275 ] -> [-1117506, -1253175 ] )  , 
( [-68253, 811339 ] -> [-68252, 811340 ] )  , 
( [-68253, 811339 ] -> [-68153, 811439 ] )  , 
( [-1273731, -121083 ] -> [-1273730, -121082 ] )  , 
( [-1273731, -121083 ] -> [-1273631, -120983 ] )  , 
( [-423307, -295911 ] -> [-423306, -295910 ] )  , 
( [-423307, -295911 ] -> [-423207, -295811 ] )  , 
( [-240080, 571220 ] -> [-240079, 571221 ] )  , 
( [-240080, 571220 ] -> [-239980, 571320 ] )  , 
( [-82395, -1052539 ] -> [-82394, -1052538 ] )  , 
( [-82395, -1052539 ] -> [-82295, -1052439 ] )  , 
( [60715, 806257 ] -> [60716, 806258 ] )  , 
( [60715, 806257 ] -> [60815, 806357 ] )  , 
( [49978, -1368134 ] -> [49979, -1368133 ] )  , 
( [49978, -1368134 ] -> [50078, -1368034 ] )  , 
( [-95956, -370065 ] -> [-95955, -370064 ] )  , 
( [-95956, -370065 ] -> [-95856, -369965 ] )  , 
( [369926, -1197516 ] -> [369927, -1197515 ] )  , 
( [369926, -1197516 ] -> [370026, -1197416 ] )  , 
( [187324, -1092516 ] -> [187325, -1092515 ] )  , 
( [187324, -1092516 ] -> [187424, -1092416 ] )  , 
( [-99471, 483615 ] -> [-99470, 483616 ] )  , 
( [-99471, 483615 ] -> [-99371, 483715 ] )  , 
( [-245471, 618261 ] -> [-245470, 618262 ] )  , 
( [-245471, 618261 ] -> [-245371, 618361 ] )  , 
( [9210, 862718 ] -> [9211, 862719 ] )  , 
( [9210, 862718 ] -> [9310, 862818 ] )  , 
( [132065, 1345421 ] -> [132066, 1345422 ] )  , 
( [132065, 1345421 ] -> [132165, 1345521 ] )  , 
( [445047, -818251 ] -> [445048, -818250 ] )  , 
( [445047, -818251 ] -> [445147, -818151 ] )  , 
( [-1095585, -300859 ] -> [-1095584, -300858 ] )  , 
( [-1095585, -300859 ] -> [-1095485, -300759 ] )  , 
( [-747711, 1177520 ] -> [-747710, 1177521 ] )  , 
( [-747711, 1177520 ] -> [-747611, 1177620 ] )  , 
( [-1285723, -1485155 ] -> [-1285722, -1485154 ] )  , 
( [-1285723, -1485155 ] -> [-1285623, -1485055 ] )  , 
( [-218642, -780281 ] -> [-218641, -780280 ] )  , 
( [-218642, -780281 ] -> [-218542, -780181 ] )  , 
( [-1469747, 445785 ] -> [-1469746, 445786 ] )  , 
( [-1469747, 445785 ] -> [-1469647, 445885 ] )  , 
( [-1258015, 1178691 ] -> [-1258014, 1178692 ] )  , 
( [-1258015, 1178691 ] -> [-1257915, 1178791 ] )  , 
( [-871342, 732585 ] -> [-871341, 732586 ] )  , 
( [-871342, 732585 ] -> [-871242, 732685 ] )  , 
( [-1390263, -521315 ] -> [-1390262, -521314 ] )  , 
( [-1390263, -521315 ] -> [-1390163, -521215 ] )  , 
( [-305988, 1333292 ] -> [-305987, 1333293 ] )  , 
( [-305988, 1333292 ] -> [-305888, 1333392 ] )  , 
( [-346794, -1432668 ] -> [-346793, -1432667 ] )  , 
( [-346794, -1432668 ] -> [-346694, -1432568 ] )  , 
( [-242686, -1393824 ] -> [-242685, -1393823 ] )  , 
( [-242686, -1393824 ] -> [-242586, -1393724 ] )  , 
( [-985995, -1118933 ] -> [-985994, -1118932 ] )  , 
( [-985995, -1118933 ] -> [-985895, -1118833 ] )  , 
( [795688, -892818 ] -> [795689, -892819 ] )  , 
( [795688, -892818 ] -> [795788, -892918 ] )  , 
( [608689, 521977 ] -> [608690, 521976 ] )  , 
( [608689, 521977 ] -> [608789, 521877 ] )  , 
( [992129, 356932 ] -> [992130, 356931 ] )  , 
( [992129, 356932 ] -> [992229, 356832 ] )  , 
( [911440, 670220 ] -> [911441, 670219 ] )  , 
( [911440, 670220 ] -> [911540, 670120 ] )  , 
( [746799, -183876 ] -> [746800, -183877 ] )  , 
( [746799, -183876 ] -> [746899, -183976 ] )  , 
( [849512, -1202892 ] -> [849513, -1202893 ] )  , 
( [849512, -1202892 ] -> [849612, -1202992 ] )  , 
( [882067, 262944 ] -> [882068, 262943 ] )  , 
( [882067, 262944 ] -> [882167, 262844 ] )  , 
( [518742, 220305 ] -> [518743, 220304 ] )  , 
( [518742, 220305 ] -> [518842, 220205 ] )  , 
( [874228, 927651 ] -> [874229, 927650 ] )  , 
( [874228, 927651 ] -> [874328, 927551 ] )  , 
( [712372, 876558 ] -> [712373, 876557 ] )  , 
( [712372, 876558 ] -> [712472, 876458 ] )  , 
( [705155, -1408455 ] -> [705156, -1408456 ] )  , 
( [705155, -1408455 ] -> [705255, -1408555 ] )  , 
( [709893, 1470756 ] -> [709894, 1470755 ] )  , 
( [709893, 1470756 ] -> [709993, 1470656 ] )  , 
( [544257, -885707 ] -> [544258, -885708 ] )  , 
( [544257, -885707 ] -> [544357, -885807 ] )  , 
( [687052, 242643 ] -> [687053, 242642 ] )  , 
( [687052, 242643 ] -> [687152, 242543 ] )  , 
( [627098, 808494 ] -> [627099, 808493 ] )  , 
( [627098, 808494 ] -> [627198, 808394 ] )  , 
( [745210, 592784 ] -> [745211, 592783 ] )  , 
( [745210, 592784 ] -> [745310, 592684 ] )  , 
( [882351, -1064852 ] -> [882352, -1064853 ] )  , 
( [882351, -1064852 ] -> [882451, -1064952 ] )  , 
( [814590, 1043544 ] -> [814591, 1043543 ] )  , 
( [814590, 1043544 ] -> [814690, 1043444 ] )  , 
( [982282, 1488195 ] -> [982283, 1488194 ] )  , 
( [982282, 1488195 ] -> [982382, 1488095 ] )  , 
( [511416, -968756 ] -> [511417, -968757 ] )  , 
( [511416, -968756 ] -> [511516, -968856 ] )  , 
( [998588, 282855 ] -> [998589, 282854 ] )  , 
( [998588, 282855 ] -> [998688, 282755 ] )  , 
( [954671, 1056841 ] -> [954672, 1056840 ] )  , 
( [954671, 1056841 ] -> [954771, 1056741 ] )  , 
( [743863, 955156 ] -> [743864, 955155 ] )  , 
( [743863, 955156 ] -> [743963, 955056 ] )  , 
( [562979, -340206 ] -> [562980, -340207 ] )  , 
( [562979, -340206 ] -> [563079, -340306 ] )  , 
( [841263, 226263 ] -> [841264, 226262 ] )  , 
( [841263, 226263 ] -> [841363, 226163 ] )  , 
( [917628, -1070598 ] -> [917629, -1070599 ] )  , 
( [917628, -1070598 ] -> [917728, -1070698 ] )  , 
( [823692, 861896 ] -> [823693, 861895 ] )  , 
( [823692, 861896 ] -> [823792, 861796 ] )  , 
( [797543, 376270 ] -> [797544, 376269 ] )  , 
( [797543, 376270 ] -> [797643, 376170 ] )  , 
( [872609, 804995 ] -> [872610, 804994 ] )  , 
( [872609, 804995 ] -> [872709, 804895 ] )  , 
( [768636, -365904 ] -> [768637, -365905 ] )  , 
( [768636, -365904 ] -> [768736, -366004 ] )  , 
( [822279, 82029 ] -> [822280, 82028 ] )  , 
( [822279, 82029 ] -> [822379, 81929 ] )  , 
( [552747, -903052 ] -> [552748, -903053 ] )  , 
( [552747, -903052 ] -> [552847, -903152 ] )  , 
( [816130, 418731 ] -> [816131, 418730 ] )  , 
( [816130, 418731 ] -> [816230, 418631 ] )  , 
( [712571, 1459070 ] -> [712572, 1459069 ] )  , 
( [712571, 1459070 ] -> [712671, 1458970 ] )  , 
( [520806, 1263796 ] -> [520807, 1263795 ] )  , 
( [520806, 1263796 ] -> [520906, 1263696 ] )  , 
( [624855, -894931 ] -> [624856, -894932 ] )  , 
( [624855, -894931 ] -> [624955, -895031 ] )  , 
( [843311, -329930 ] -> [843312, -329931 ] )  , 
( [843311, -329930 ] -> [843411, -330030 ] )  , 
( [676259, 801694 ] -> [676260, 801693 ] )  , 
( [676259, 801694 ] -> [676359, 801594 ] )  , 
( [635934, 1002001 ] -> [635935, 1002000 ] )  , 
( [635934, 1002001 ] -> [636034, 1001901 ] )  , 
( [991614, -441750 ] -> [991615, -441751 ] )  , 
( [991614, -441750 ] -> [991714, -441850 ] )  , 
( [709415, -1116886 ] -> [709416, -1116887 ] )  , 
( [709415, -1116886 ] -> [709515, -1116986 ] )  , 
( [562434, 597031 ] -> [562435, 597030 ] )  , 
( [562434, 597031 ] -> [562534, 596931 ] )  , 
( [789373, -359703 ] -> [789374, -359704 ] )  , 
( [789373, -359703 ] -> [789473, -359803 ] )  , 
( [955187, -1459715 ] -> [955188, -1459716 ] )  , 
( [955187, -1459715 ] -> [955287, -1459815 ] )  , 
( [505952, 1182721 ] -> [505953, 1182720 ] )  , 
( [505952, 1182721 ] -> [506052, 1182621 ] )  , 
( [861226, 756443 ] -> [861227, 756442 ] )  , 
( [861226, 756443 ] -> [861326, 756343 ] )  , 
( [707162, -777843 ] -> [707163, -777844 ] )  , 
( [707162, -777843 ] -> [707262, -777943 ] )  , 
( [714341, 89551 ] -> [714342, 89550 ] )  , 
( [714341, 89551 ] -> [714441, 89451 ] )  , 
( [838527, -617336 ] -> [838528, -617337 ] )  , 
( [838527, -617336 ] -> [838627, -617436 ] )  , 
( [768486, 272111 ] -> [768487, 272110 ] )  , 
( [768486, 272111 ] -> [768586, 272011 ] )  , 
( [999230, 1262193 ] -> [999231, 1262192 ] )  , 
( [999230, 1262193 ] -> [999330, 1262093 ] )  , 
( [697319, -125780 ] -> [697320, -125781 ] )  , 
( [697319, -125780 ] -> [697419, -125880 ] )  , 
( [579397, -1431290 ] -> [579398, -1431291 ] )  , 
( [579397, -1431290 ] -> [579497, -1431390 ] )  , 
( [860973, 829197 ] -> [860974, 829196 ] )  , 
( [860973, 829197 ] -> [861073, 829097 ] )  , 
( [719980, -1227306 ] -> [719981, -1227307 ] )  , 
( [719980, -1227306 ] -> [720080, -1227406 ] )  , 
( [828431, -201095 ] -> [828432, -201096 ] )  , 
( [828431, -201095 ] -> [828531, -201195 ] )  , 
( [919269, -886649 ] -> [919270, -886650 ] )  , 
( [919269, -886649 ] -> [919369, -886749 ] )  , 
( [525014, -1044225 ] -> [525015, -1044226 ] )  , 
( [525014, -1044225 ] -> [525114, -1044325 ] )  , 
( [593927, 709282 ] -> [593928, 709281 ] )  , 
( [593927, 709282 ] -> [594027, 709182 ] )  , 
( [621915, -501056 ] -> [621916, -501057 ] )  , 
( [621915, -501056 ] -> [622015, -501156 ] )  , 
( [687816, -705305 ] -> [687817, -705306 ] )  , 
( [687816, -705305 ] -> [687916, -705405 ] )  , 
( [984405, 1309291 ] -> [984406, 1309290 ] )  , 
( [984405, 1309291 ] -> [984505, 1309191 ] )  , 
( [950332, 275082 ] -> [950333, 275081 ] )  , 
( [950332, 275082 ] -> [950432, 274982 ] )  , 
( [773568, -1337874 ] -> [773569, -1337875 ] )  , 
( [773568, -1337874 ] -> [773668, -1337974 ] )  , 
( [721295, -1229361 ] -> [721296, -1229362 ] )  , 
( [721295, -1229361 ] -> [721395, -1229461 ] )  , 
( [974503, -690862 ] -> [974504, -690863 ] )  , 
( [974503, -690862 ] -> [974603, -690962 ] )  , 
( [737238, -1071677 ] -> [737239, -1071678 ] )  , 
( [737238, -1071677 ] -> [737338, -1071777 ] )  , 
( [881302, -1214870 ] -> [881303, -1214871 ] )  , 
( [881302, -1214870 ] -> [881402, -1214970 ] )  , 
( [912563, -776562 ] -> [912564, -776563 ] )  , 
( [912563, -776562 ] -> [912663, -776662 ] )  , 
( [649090, -727684 ] -> [649091, -727685 ] )  , 
( [649090, -727684 ] -> [649190, -727784 ] )  , 
( [583492, 961128 ] -> [583493, 961127 ] )  , 
( [583492, 961128 ] -> [583592, 961028 ] )  , 
( [951823, -733121 ] -> [951824, -733122 ] )  , 
( [951823, -733121 ] -> [951923, -733221 ] )  , 
( [661691, -1433469 ] -> [661692, -1433470 ] )  , 
( [661691, -1433469 ] -> [661791, -1433569 ] )  , 
( [743946, 262118 ] -> [743947, 262117 ] )  , 
( [743946, 262118 ] -> [744046, 262018 ] )  , 
( [668193, -433713 ] -> [668194, -433714 ] )  , 
( [668193, -433713 ] -> [668293, -433813 ] )  , 
( [820457, 603445 ] -> [820458, 603444 ] )  , 
( [820457, 603445 ] -> [820557, 603345 ] )  , 
( [896375, 443487 ] -> [896376, 443486 ] )  , 
( [896375, 443487 ] -> [896475, 443387 ] )  , 
( [720153, 420471 ] -> [720154, 420470 ] )  , 
( [720153, 420471 ] -> [720253, 420371 ] )  , 
( [820726, 396105 ] -> [820727, 396104 ] )  , 
( [820726, 396105 ] -> [820826, 396005 ] )  , 
( [533750, -702647 ] -> [533751, -702648 ] )  , 
( [533750, -702647 ] -> [533850, -702747 ] )  , 
( [701685, 66159 ] -> [701686, 66158 ] )  , 
( [701685, 66159 ] -> [701785, 66059 ] )  , 
( [807654, -132756 ] -> [807655, -132757 ] )  , 
( [807654, -132756 ] -> [807754, -132856 ] )  , 
( [880761, -67236 ] -> [880762, -67237 ] )  , 
( [880761, -67236 ] -> [880861, -67336 ] )  , 
( [984017, -910500 ] -> [984018, -910501 ] )  , 
( [984017, -910500 ] -> [984117, -910600 ] )  , 
( [906202, -224106 ] -> [906203, -224107 ] )  , 
( [906202, -224106 ] -> [906302, -224206 ] )  , 
( [783468, 1057241 ] -> [783469, 1057240 ] )  , 
( [783468, 1057241 ] -> [783568, 1057141 ] )  , 
( [687866, 1279224 ] -> [687867, 1279223 ] )  , 
( [687866, 1279224 ] -> [687966, 1279124 ] )  , 
( [687511, 49501 ] -> [687512, 49500 ] )  , 
( [687511, 49501 ] -> [687611, 49401 ] )  , 
( [597111, 1371934 ] -> [597112, 1371933 ] )  , 
( [597111, 1371934 ] -> [597211, 1371834 ] )  , 
( [748415, 1498778 ] -> [748416, 1498777 ] )  , 
( [748415, 1498778 ] -> [748515, 1498678 ] )  , 
( [690286, 975690 ] -> [690287, 975689 ] )  , 
( [690286, 975690 ] -> [690386, 975590 ] )  , 
( [745606, 217508 ] -> [745607, 217507 ] )  , 
( [745606, 217508 ] -> [745706, 217408 ] )  , 
( [816947, 1268442 ] -> [816948, 1268441 ] )  , 
( [816947, 1268442 ] -> [817047, 1268342 ] )  , 
( [884952, -431775 ] -> [884953, -431776 ] )  , 
( [884952, -431775 ] -> [885052, -431875 ] )  , 
( [854288, -594246 ] -> [854289, -594247 ] )  , 
( [854288, -594246 ] -> [854388, -594346 ] )  , 
( [714385, -316453 ] -> [714386, -316454 ] )  , 
( [714385, -316453 ] -> [714485, -316553 ] )  , 
( [540277, -852522 ] -> [540278, -852523 ] )  , 
( [540277, -852522 ] -> [540377, -852622 ] )  , 
( [681852, 106680 ] -> [681853, 106679 ] )  , 
( [681852, 106680 ] -> [681952, 106580 ] )  , 
( [597916, -124592 ] -> [597917, -124593 ] )  , 
( [597916, -124592 ] -> [598016, -124692 ] )  , 
( [988462, -849353 ] -> [988463, -849354 ] )  , 
( [988462, -849353 ] -> [988562, -849453 ] )  , 
( [793951, -259782 ] -> [793952, -259783 ] )  , 
( [793951, -259782 ] -> [794051, -259882 ] )  , 
( [937745, -1233772 ] -> [937746, -1233773 ] )  , 
( [937745, -1233772 ] -> [937845, -1233872 ] )  , 
( [535408, -450468 ] -> [535409, -450469 ] )  , 
( [535408, -450468 ] -> [535508, -450568 ] )  , 
( [597699, -1402047 ] -> [597700, -1402048 ] )  , 
( [597699, -1402047 ] -> [597799, -1402147 ] )  , 
( [706447, -1434080 ] -> [706448, -1434081 ] )  , 
( [706447, -1434080 ] -> [706547, -1434180 ] )  , 
( [652159, -578790 ] -> [652160, -578791 ] )  , 
( [652159, -578790 ] -> [652259, -578890 ] )  , 
( [567088, 1210035 ] -> [567089, 1210034 ] )  , 
( [567088, 1210035 ] -> [567188, 1209935 ] )  , 
( [847913, -562730 ] -> [847914, -562731 ] )  , 
( [847913, -562730 ] -> [848013, -562830 ] )  , 
( [806445, 1178749 ] -> [806446, 1178748 ] )  , 
( [806445, 1178749 ] -> [806545, 1178649 ] )  , 
( [727434, -536016 ] -> [727435, -536017 ] )  , 
( [727434, -536016 ] -> [727534, -536116 ] )  , 
( [645772, -861028 ] -> [645773, -861029 ] )  , 
( [645772, -861028 ] -> [645872, -861128 ] )  , 
( [863282, -479016 ] -> [863283, -479017 ] )  , 
( [863282, -479016 ] -> [863382, -479116 ] )  , 
( [664237, -661905 ] -> [664238, -661906 ] )  , 
( [664237, -661905 ] -> [664337, -662005 ] )  , 
( [946718, -1293750 ] -> [946719, -1293751 ] )  , 
( [946718, -1293750 ] -> [946818, -1293850 ] )  , 
( [784352, -751136 ] -> [784353, -751137 ] )  , 
( [784352, -751136 ] -> [784452, -751236 ] )  , 
( [805657, -1164813 ] -> [805658, -1164814 ] )  , 
( [805657, -1164813 ] -> [805757, -1164913 ] )  , 
( [829954, -721746 ] -> [829955, -721747 ] )  , 
( [829954, -721746 ] -> [830054, -721846 ] )  , 
( [870082, 1053502 ] -> [870083, 1053501 ] )  , 
( [870082, 1053502 ] -> [870182, 1053402 ] )  , 
( [833967, -1088253 ] -> [833968, -1088254 ] )  , 
( [833967, -1088253 ] -> [834067, -1088353 ] )  , 
( [631969, 1004277 ] -> [631970, 1004276 ] )  , 
( [631969, 1004277 ] -> [632069, 1004177 ] )  , 
( [847963, -1096941 ] -> [847964, -1096942 ] )  , 
( [847963, -1096941 ] -> [848063, -1097041 ] )  , 
( [976366, 1473454 ] -> [976367, 1473453 ] )  , 
( [976366, 1473454 ] -> [976466, 1473354 ] )  , 
( [765432, 510423 ] -> [765433, 510422 ] )  , 
( [765432, 510423 ] -> [765532, 510323 ] )  , 
( [914770, 298376 ] -> [914771, 298375 ] )  , 
( [914770, 298376 ] -> [914870, 298276 ] )  , 
( [872090, -1004450 ] -> [872091, -1004451 ] )  , 
( [872090, -1004450 ] -> [872190, -1004550 ] )  , 
( [682269, 525289 ] -> [682270, 525288 ] )  , 
( [682269, 525289 ] -> [682369, 525189 ] )  , 
( [995400, -460240 ] -> [995401, -460241 ] )  , 
( [995400, -460240 ] -> [995500, -460340 ] )  , 
( [974072, 868705 ] -> [974073, 868704 ] )  , 
( [974072, 868705 ] -> [974172, 868605 ] )  , 
( [851267, 165179 ] -> [851268, 165178 ] )  , 
( [851267, 165179 ] -> [851367, 165079 ] )  , 
( [773851, 358484 ] -> [773852, 358483 ] )  , 
( [773851, 358484 ] -> [773951, 358384 ] )  , 
( [992652, -271401 ] -> [992653, -271402 ] )  , 
( [992652, -271401 ] -> [992752, -271501 ] )  , 
( [766062, -1232923 ] -> [766063, -1232924 ] )  , 
( [766062, -1232923 ] -> [766162, -1233023 ] )  , 
( [539834, 1417614 ] -> [539835, 1417613 ] )  , 
( [539834, 1417614 ] -> [539934, 1417514 ] )  , 
( [876744, -559075 ] -> [876745, -559076 ] )  , 
( [876744, -559075 ] -> [876844, -559175 ] )  , 
( [907587, -1372466 ] -> [907588, -1372467 ] )  , 
( [907587, -1372466 ] -> [907687, -1372566 ] )  , 
( [821825, 1281716 ] -> [821826, 1281715 ] )  , 
( [821825, 1281716 ] -> [821925, 1281616 ] )  , 
( [669631, -1020833 ] -> [669632, -1020834 ] )  , 
( [669631, -1020833 ] -> [669731, -1020933 ] )  , 
( [649987, -1145 ] -> [649988, -1146 ] )  , 
( [649987, -1145 ] -> [650087, -1245 ] )  , 
( [662593, 555502 ] -> [662594, 555501 ] )  , 
( [662593, 555502 ] -> [662693, 555402 ] )  , 
( [540043, -580290 ] -> [540044, -580291 ] )  , 
( [540043, -580290 ] -> [540143, -580390 ] )  , 
( [798347, -184672 ] -> [798348, -184673 ] )  , 
( [798347, -184672 ] -> [798447, -184772 ] )  , 
( [771136, -167960 ] -> [771137, -167961 ] )  , 
( [771136, -167960 ] -> [771236, -168060 ] )  , 
( [988232, 188948 ] -> [988233, 188947 ] )  , 
( [988232, 188948 ] -> [988332, 188848 ] )  , 
( [625528, -1312166 ] -> [625529, -1312167 ] )  , 
( [625528, -1312166 ] -> [625628, -1312266 ] )  , 
( [919137, -1273237 ] -> [919138, -1273238 ] )  , 
( [919137, -1273237 ] -> [919237, -1273337 ] )  , 
( [772369, -1338953 ] -> [772370, -1338954 ] )  , 
( [772369, -1338953 ] -> [772469, -1339053 ] )  , 
